0.7232	-2.7342	1.6453	0.0068	-2.0304	-0.7028	-0.0691	1.3783	-1.6118	-0.2171	0.6071	2.8064	1.8532	0.8582	-1.5511	-1.0563	-2.1609	-2.1413	0.1577	-0.6734	0.4349	0.6459	1.5302	-1.9937	-2.4483
2.2705	-4.2698	3.8871	-0.8151	-2.4852	-0.9277	-1.2374	0.8494	-2.4019	0.1356	-0.0365	4.3483	0.4048	1.5909	-0.6013	-1.9129	-0.5403	-0.4566	0.3499	-1.4978	0.9949	-1.0526	0.0986	-2.0722	-3.6980
4.1998	-5.6472	5.2251	-1.1531	-2.9778	-1.6053	-2.9115	-0.2277	-3.3607	0.4201	-0.8230	5.5867	-1.4250	2.8765	-0.2718	-2.7525	0.3441	1.1177	0.4167	-2.2476	2.4186	-2.1191	-1.4585	-1.5806	-4.6476
5.8224	-7.0331	6.3547	-1.4049	-3.6665	-2.1569	-4.2090	-1.2331	-4.4236	1.2638	-1.5658	6.8612	-2.4501	4.0323	0.5476	-3.4662	1.8402	2.7149	1.2293	-3.2076	3.8714	-3.4446	-2.8870	-1.2884	-5.4281
7.1063	-7.9280	7.5931	-2.2248	-3.3486	-3.0722	-5.9083	-1.4826	-5.8856	1.8409	-2.5355	8.0570	-3.9825	5.1435	1.1004	-3.7034	3.5527	3.8562	2.3680	-3.9811	4.6261	-4.3488	-3.9478	-0.5642	-6.5751
8.7319	-9.6837	8.5923	-3.1124	-2.8862	-4.2057	-6.6745	-2.3561	-6.4619	2.0650	-2.7669	9.5379	-5.3281	7.0666	1.6956	-4.5580	4.7828	5.1790	3.5820	-5.0243	5.7477	-5.6958	-5.3628	0.1839	-7.7265
9.9505	-11.2123	9.7508	-3.8663	-2.7502	-4.9200	-7.9086	-3.0531	-7.8344	2.2200	-3.0586	11.3033	-6.6456	8.4539	2.3788	-5.3486	6.2516	6.2703	4.8293	-5.5592	7.2777	-7.0250	-6.8642	0.9452	-8.5671
11.6763	-12.0802	11.4444	-4.6134	-3.0506	-5.3610	-9.0158	-3.9143	-8.9192	2.4551	-3.6755	12.9249	-8.0250	9.7882	3.4988	-6.2135	7.8770	7.7935	5.9619	-6.6848	8.6003	-8.0835	-8.4583	1.4093	-9.9880
13.6098	-13.0635	12.7116	-5.3208	-3.5212	-6.2293	-9.8598	-5.0371	-9.5844	2.3988	-4.5071	14.3756	-8.9640	11.1731	4.6702	-6.6683	9.0252	9.0275	7.3876	-7.9698	9.7301	-9.0763	-9.9464	1.4764	-11.3536
14.7621	-14.3397	14.3310	-5.9602	-3.5680	-6.7724	-11.5985	-5.8137	-10.7487	2.9752	-5.2101	15.9391	-10.0819	12.7363	5.3716	-6.8436	10.7030	10.6128	8.4119	-9.1806	10.9782	-10.2184	-11.7278	1.1499	-12.5445
0.7486	3.0235	1.8662	2.0838	-0.2637	-0.0458	-0.9870	-1.1816	-2.1671	1.3038	2.9900	-0.4441	1.9883	-1.0671	-1.3541	-2.8567	2.8436	2.8520	-1.5151	-1.6269	0.6362	0.3753	2.1188	-2.8679	0.6338
2.3369	1.3914	3.3297	1.5176	-0.5402	-0.1330	-2.2925	-1.7462	-3.0226	1.4634	2.6408	1.0291	0.5387	0.1951	-0.8769	-3.6583	4.5170	4.5864	-1.2697	-2.9785	2.3716	-0.9139	0.5654	-2.7092	-0.6724
4.3282	-0.0716	4.6468	0.6715	-0.4361	-0.5702	-3.4505	-2.4733	-3.4723	1.5148	1.7478	2.3727	-1.3858	1.3459	-0.3319	-4.9635	5.7518	5.8401	-1.0746	-3.8896	3.8982	-2.4481	-0.3419	-2.3277	-2.5228
5.8032	-1.3699	6.0898	-0.0636	0.0404	-1.8505	-4.4246	-3.3155	-4.2460	1.6760	1.0889	3.7981	-2.7467	2.1885	0.4389	-5.6141	6.9404	7.7201	-0.2545	-5.3746	5.3167	-3.5265	-1.5478	-2.0853	-3.9246
7.4020	-2.3544	7.0369	-0.8534	-0.1618	-2.1656	-5.9915	-4.2334	-5.4590	2.4930	0.8795	5.5748	-4.3206	3.1891	1.0401	-6.8836	8.2461	9.0721	0.3357	-6.8906	6.4549	-4.6584	-2.3932	-1.3903	-5.3148
9.3410	-3.6801	8.6650	-1.5825	-0.7250	-2.9057	-7.5603	-5.3347	-6.6877	3.0114	0.2912	6.7321	-5.6468	4.3114	1.9334	-7.9147	9.5462	10.7140	1.3909	-7.8405	7.5619	-5.6857	-3.2218	-0.7776	-7.0785
10.9046	-4.9922	10.3491	-2.2861	-1.4189	-3.8903	-9.2978	-6.3220	-7.8068	3.6432	-0.4947	8.1439	-6.4753	5.2072	3.0625	-8.6657	10.6471	11.9956	2.2813	-8.7454	8.6913	-6.6387	-4.0296	-0.0324	-8.7180
12.2904	-6.0647	11.3853	-2.7590	-1.7079	-4.7104	-10.4859	-7.0738	-9.0956	4.1999	-1.4855	9.1470	-7.9784	6.2818	4.1402	-9.4351	11.5834	13.9200	3.1744	-9.7306	10.0592	-8.1748	-4.9948	0.1414	-10.2014
13.9770	-7.6263	12.8572	-3.8001	-1.4399	-5.7365	-12.0335	-7.7731	-10.1196	4.9329	-2.0663	10.2252	-9.6010	7.4844	4.8466	-10.0611	12.8813	15.6426	3.6139	-10.5882	11.2744	-9.7462	-5.9179	-0.4609	-11.4592
15.8410	-9.1835	13.8860	-4.2739	-1.9157	-6.1408	-12.8812	-8.8179	-11.0577	5.5751	-2.8337	11.2783	-10.8528	8.3782	5.5749	-9.9575	14.1090	17.2841	4.1197	-11.6730	12.7849	-10.9233	-6.4889	-0.1293	-12.8330
2.6939	1.6410	-0.2338	-2.7906	-3.1382	0.4431	0.8983	-0.9011	-2.8210	0.1993	-2.2073	2.4758	-3.1033	-1.3310	-2.6313	-0.5650	-2.8430	-1.4690	0.2448	-1.3364	1.4737	1.7528	-2.4212	2.1327	1.4558
4.2284	0.3512	1.2721	-3.7151	-3.6120	-0.5217	-0.0609	-1.5172	-3.9963	0.8894	-2.5374	3.9411	-4.8223	-0.2909	-1.2472	-1.4016	-1.1326	0.0157	1.5721	-2.3118	3.1894	0.1119	-4.2551	2.1038	0.4501
5.7930	-0.8753	2.6753	-4.9018	-3.4484	-1.4591	-1.2922	-2.4725	-5.2695	1.1825	-2.7742	4.8075	-6.5572	1.0371	-0.1447	-2.6176	0.5787	1.2274	2.2627	-3.4803	4.2056	-1.6045	-6.0817	2.4542	-0.8718
7.6641	-2.2490	4.0107	-5.5535	-3.9081	-2.4923	-2.6221	-3.2158	-5.6233	1.8122	-3.1804	6.0583	-7.8673	2.1023	0.9954	-3.7367	1.6107	3.0289	2.7653	-4.5871	5.5502	-3.4131	-7.5359	2.6242	-2.4038
9.1596	-3.9759	5.8513	-5.6298	-4.6933	-3.3449	-3.9472	-4.2859	-5.6628	1.8393	-3.7090	7.8004	-9.4175	3.1403	1.8296	-5.2490	2.3027	4.4766	3.4560	-5.5058	7.3028	-5.3642	-8.6431	2.5110	-3.7457
11.1419	-6.0035	7.1052	-6.6058	-4.8205	-4.3825	-5.2579	-5.4111	-6.4571	2.0001	-4.4099	8.7403	-11.0491	4.3001	2.6246	-5.9674	3.5173	6.4402	4.1866	-6.4247	8.2205	-6.8378	-9.5900	2.2448	-5.5225
12.8699	-7.4057	8.6992	-7.6227	-5.3024	-5.8282	-6.5168	-6.2234	-7.0901	2.0493	-5.3510	10.5680	-12.3986	5.2713	3.8401	-6.0506	4.4519	7.7334	4.8460	-7.2919	9.6454	-8.4302	-10.0246	2.1339	-6.9095
14.4823	-9.2334	10.3418	-8.8696	-5.7063	-6.4678	-7.4200	-7.2658	-8.3279	2.7122	-6.2928	11.8044	-14.1180	6.8353	4.5346	-6.3865	5.0577	9.7825	5.4784	-8.5077	10.8539	-10.0537	-10.7642	2.7057	-8.6912
16.2959	-11.0537	11.4991	-9.5301	-5.6003	-7.4324	-8.7418	-8.2535	-9.0146	3.4778	-6.9589	12.7902	-15.3057	8.1755	4.8335	-7.3503	6.0741	11.3160	5.6273	-9.1250	11.4221	-11.6130	-11.7451	3.0306	-10.1368
17.9419	-12.2273	13.0117	-10.4631	-5.2655	-8.2396	-9.5230	-8.4762	-9.3243	4.4125	-7.7275	14.7216	-16.4675	9.2274	5.0909	-8.3595	7.6786	13.0843	5.6269	-9.9332	11.9189	-13.1599	-12.5669	3.5518	-11.4755
-0.9543	-1.1001	0.4289	-3.0481	0.7789	0.8660	-0.5908	-0.2823	-2.2421	0.7132	2.4032	-2.2575	-1.9086	-2.1159	0.9156	0.3856	-2.7389	0.3919	2.6754	-1.6097	-0.5894	2.6017	0.0675	1.0123	-0.1435
0.7074	-2.5248	2.0714	-3.9770	0.5624	-0.1162	-1.7845	-1.3941	-3.4000	0.8363	2.3521	-0.6379	-3.4340	-0.5468	1.7135	-0.7084	-1.8592	2.2165	3.1644	-2.8918	0.6445	1.0037	-1.0760	0.9347	-2.0341
2.5189	-4.1526	3.4388	-4.7575	0.3907	-0.2617	-3.2460	-2.2174	-4.5255	1.0834	1.3646	0.6080	-4.9248	0.8898	2.5334	-1.1711	-0.2429	3.9736	3.7879	-4.1279	2.0661	-0.4520	-2.4563	1.3049	-3.7732
3.9351	-6.1311	4.8035	-5.4460	-0.0432	-0.7919	-4.1750	-3.1471	-5.2107	1.2279	0.1861	2.1133	-6.7256	2.2038	3.5752	-0.8409	1.0205	6.1217	4.2409	-4.9765	3.2456	-1.3736	-4.0476	1.9779	-5.2397
5.5830	-7.8259	6.4165	-6.6378	0.0467	-1.8772	-5.3861	-3.7225	-6.7204	1.4427	-0.3172	3.7430	-8.4834	3.5725	4.4842	-1.4380	2.5705	7.7169	5.1248	-6.4466	4.5248	-2.8599	-5.5408	2.3715	-6.8721
7.3490	-9.3739	7.9052	-7.6111	0.1982	-2.7327	-6.6637	-4.0028	-8.1607	1.4859	-0.9574	4.8526	-9.7011	4.7786	4.5766	-2.7010	4.1873	9.6860	6.0703	-8.0149	5.4950	-4.1111	-6.7230	2.7272	-8.8129
8.9087	-10.9334	9.5542	-8.8272	0.2158	-3.7261	-7.6500	-4.9060	-9.3666	1.6919	-1.9110	6.3256	-10.7469	5.8581	4.7973	-3.3204	5.0281	10.9094	7.2969	-9.2454	7.2146	-5.9217	-8.1407	2.8665	-10.0542
10.5407	-12.5142	11.0212	-9.4555	-0.0351	-4.5984	-9.2915	-5.9751	-10.6454	2.1371	-1.9956	7.8822	-12.2249	7.4133	5.7511	-4.7343	6.4283	12.7587	8.3062	-10.6667	8.5129	-7.2998	-9.5646	3.1754	-11.6382
12.2877	-13.9370	12.5388	-10.1767	0.2170	-5.4884	-10.4742	-6.8103	-11.7213	2.4696	-2.2349	8.7843	-13.4273	8.2288	6.7282	-5.4000	7.8914	14.0410	8.9105	-11.8153	10.2574	-8.9365	-11.0622	4.0969	-12.9112
13.9200	-15.1151	14.1264	-10.8683	0.1831	-6.6763	-12.1809	-7.9144	-12.6564	2.6128	-2.7169	10.3489	-14.3741	9.0707	7.7392	-5.7068	8.7357	15.7478	9.0656	-12.9882	11.7834	-10.6836	-12.3517	4.7135	-14.3534
2.8495	-1.7374	2.0228	1.5351	-0.0404	1.6813	-2.3245	-0.1539	2.8215	0.7346	-1.9531	2.5421	-2.3367	-1.6701	-0.3181	0.0525	-3.0006	-1.2318	-0.0976	-1.4122	-1.4486	0.9131	1.3202	0.4836	1.7065
4.8439	-2.6515	3.3952	1.0399	-0.6295	1.4720	-3.6373	-1.1565	1.5150	1.3619	-2.4232	3.9774	-3.5583	-0.5185	-0.2667	-1.1295	-1.0575	0.2738	0.1996	-2.0904	-0.7772	-0.7193	0.0126	0.7981	0.9689
6.4485	-4.1988	4.9626	-0.0052	-0.7186	1.0591	-4.3209	-1.7222	0.5034	2.0095	-2.9988	5.5407	-5.1411	0.4944	0.2344	-1.5990	0.0014	1.8205	0.6161	-3.1177	0.1739	-1.8991	-1.3243	1.0948	-0.3820
8.0159	-5.6850	6.3523	-0.7031	-0.7509	-0.0141	-5.2686	-2.0008	-0.7413	2.8804	-3.4750	6.5893	-7.0117	1.9736	0.7482	-1.6683	0.6421	3.7256	1.5846	-4.2502	1.6064	-3.3313	-2.5499	1.2377	-1.4282
10.0876	-7.4241	7.4369	-1.4427	-0.6750	-0.5450	-6.4211	-2.8823	-1.2930	3.7860	-3.5352	7.7698	-8.0475	3.1771	1.6055	-2.5909	1.6711	5.1174	2.5320	-5.3457	2.8697	-4.6881	-3.6313	0.7300	-2.8981
11.4708	-9.3004	8.5270	-2.5243	-1.0760	-1.5255	-7.5596	-3.8867	-2.3537	4.2951	-3.9847	9.2980	-9.7019	4.3784	2.3601	-3.5483	2.9484	7.2909	3.2916	-5.8749	4.0492	-5.9202	-4.9128	1.0647	-4.2268
13.4679	-10.7167	10.0682	-3.6916	-1.4500	-2.6997	-8.9752	-4.7680	-3.6465	4.2470	-4.4007	10.4458	-10.9944	5.5314	2.7340	-4.1432	3.8868	8.8112	3.7027	-6.4405	5.6885	-7.3623	-6.2424	1.2552	-5.7847
15.1498	-12.4019	11.1471	-4.2465	-1.6101	-3.7191	-10.3487	-6.0218	-4.1005	4.1359	-5.0512	12.2459	-12.1471	6.6502	3.2540	-4.6476	4.8027	10.4962	3.7657	-6.9895	6.9341	-9.0369	-7.2304	1.2021	-7.1592
16.6274	-13.8199	12.6837	-4.2688	-1.4197	-3.7715	-11.6023	-6.9726	-4.1218	4.0641	-6.3565	13.2826	-13.2965	7.7343	3.8366	-6.2564	6.5026	12.2327	4.1578	-7.4748	7.9516	-10.2502	-8.4201	0.7142	-8.2533
18.4396	-15.8074	13.6718	-4.5448	-0.6406	-3.8969	-13.1437	-7.6015	-4.4386	4.2149	-6.4958	14.1099	-14.8400	9.5505	4.3507	-6.7849	7.8199	13.5819	5.1009	-8.6643	9.9081	-11.4835	-10.2865	0.4123	-9.6691
-1.6082	2.7775	1.0307	0.4341	0.0880	0.6664	1.0604	-0.8559	-0.2753	2.7331	0.4287	0.5057	1.4618	0.0979	-1.3825	1.5793	-0.5744	-0.6352	2.2442	1.9493	-2.1090	-2.9054	1.1110	-1.7249	-1.2528
-0.3033	1.2798	2.0461	-0.2071	-0.4054	-0.1852	-0.4185	-1.6307	-1.4219	3.5514	-0.3650	1.7296	-0.1407	1.5436	-0.4649	0.9964	0.7472	0.9210	3.4861	0.7670	-0.9186	-4.8742	-0.2887	-1.5081	-2.2297
1.6599	-0.0449	3.5779	-1.0402	-0.0942	-1.1195	-1.7706	-2.4994	-2.6257	4.4257	-1.1292	3.4051	-1.8280	2.7857	0.4650	0.5243	2.0620	2.3863	4.7516	-0.3833	-0.0285	-6.7237	-1.9777	-1.4841	-3.0608
3.3281	-1.6594	5.0203	-1.9588	0.0289	-2.2779	-3.2719	-3.5758	-3.5763	4.9246	-2.0514	4.8030	-3.3711	3.8924	1.5369	-0.6159	3.4723	3.4927	5.8050	-1.8155	1.1943	-8.6592	-3.6123	-1.2975	-4.3222
4.6187	-3.1287	6.6904	-2.9412	0.1120	-3.2204	-4.1875	-4.4132	-4.2677	5.2704	-2.8723	6.6433	-4.8745	4.8063	2.6046	-1.8209	4.5191	4.8721	7.0174	-3.1294	2.4268	-10.2168	-5.1601	-1.1769	-5.8042
6.2963	-4.7325	8.1225	-3.6638	-0.1047	-4.3924	-5.5231	-5.6835	-5.3800	5.7853	-2.8132	8.0185	-5.9970	5.7892	4.0837	-2.3668	5.4706	6.1743	7.9845	-4.6149	3.6452	-11.7470	-6.3257	-1.0414	-6.9561
8.0487	-6.4497	9.0977	-5.1208	-0.4878	-5.3956	-6.5957	-6.5663	-5.5452	6.2845	-2.7862	9.2065	-7.6473	6.8785	5.0393	-2.7480	6.8485	7.8120	8.6533	-5.4817	5.1365	-13.4708	-7.8623	-1.1377	-8.4109
9.6114	-8.0853	10.9554	-5.5794	-0.6354	-5.7264	-8.0380	-7.8229	-5.4974	6.4628	-3.5071	10.9413	-8.6303	8.2531	5.7645	-3.4590	8.2275	9.2847	8.9519	-6.2032	5.8479	-14.7204	-8.8645	-1.4231	-9.6562
11.6840	-8.9152	12.1291	-5.3895	-1.2300	-5.9905	-9.1416	-8.4738	-5.6187	6.9322	-4.6246	11.9269	-9.8229	8.9063	7.0085	-4.4381	8.7726	10.8634	9.1594	-7.0274	6.7359	-15.5364	-10.3466	-1.6387	-11.2538
12.8755	-10.3844	13.4935	-5.8675	-1.2068	-7.0062	-10.5991	-8.6347	-6.6991	7.4278	-5.1012	13.1608	-11.3258	9.7034	8.1513	-5.2733	9.3592	12.6431	9.6577	-7.6128	8.4879	-17.2520	-12.1655	-1.0893	-12.6210
2.7158	2.0168	0.0772	2.6336	-1.7980	-0.5938	1.8026	1.2400	-1.3636	-2.8802	2.3778	1.8765	2.3126	0.3861	2.6807	-0.9115	0.9057	0.6799	1.7893	2.2868	1.0612	-2.2567	-0.6044	-2.1904	1.2287
4.3318	0.4858	1.2745	2.2470	-2.1894	-0.5650	0.1065	-0.0196	-1.6365	-2.7672	2.3306	3.7176	0.8647	1.2189	3.4041	-1.1475	2.1316	1.5841	2.6869	1.8130	2.2144	-3.9627	-1.4203	-2.5273	-0.3869
5.8283	-1.2202	2.0844	1.7130	-2.8105	-1.1612	-1.2535	-0.9899	-2.8643	-2.3689	1.9990	4.9933	-0.4557	2.3013	3.9948	-2.6231	3.2629	3.3690	3.2404	1.0297	3.7399	-5.3904	-3.0818	-2.3893	-1.5741
7.2822	-3.3454	3.2134	1.8158	-3.6041	-1.5667	-2.2976	-1.8493	-4.2053	-1.9907	1.9543	6.0803	-2.1884	3.1344	4.4205	-3.6802	3.8155	4.6888	3.3484	0.3371	5.2593	-7.2839	-4.5863	-2.8525	-3.0643
9.1927	-4.9858	4.4789	1.2538	-3.6848	-2.5865	-4.0121	-3.1612	-4.8190	-1.6019	1.6326	7.6895	-3.7536	4.0674	5.2549	-4.1284	4.7953	6.6474	3.9258	-0.4299	6.4186	-9.1325	-6.0281	-3.1642	-4.3991
10.8442	-6.6653	5.9282	0.1259	-3.6148	-3.1636	-5.4259	-4.4166	-6.0944	-1.2082	0.7586	8.8847	-4.8685	4.8187	6.6360	-5.0118	6.1213	7.7993	4.8159	-1.2127	7.3248	-10.4855	-6.9997	-2.6107	-6.1279
12.4494	-8.4574	7.2848	-0.8760	-3.5730	-3.4498	-7.0985	-5.3164	-7.3922	-0.7266	-0.0341	10.5645	-6.5827	5.4873	7.2657	-5.6213	7.1519	9.2107	5.8687	-2.2000	8.2389	-12.0202	-8.2636	-1.9488	-7.6461
14.1775	-10.0756	8.7799	-1.9816	-3.2332	-4.5820	-8.2950	-5.9055	-8.3968	0.1229	-1.2240	12.0951	-7.7778	6.6448	7.9389	-6.5670	8.2350	10.9838	6.8345	-2.9333	9.5539	-13.3867	-9.3857	-1.5565	-9.2275
15.7638	-11.6840	9.8826	-2.5961	-3.3061	-5.2959	-9.9180	-6.5693	-9.6207	1.1013	-1.8448	13.3856	-9.1030	7.9034	8.9415	-7.5997	9.2009	12.6488	7.8751	-4.0738	10.9862	-14.6063	-10.5883	-1.1394	-10.6704
17.3831	-12.9738	10.6454	-3.3962	-3.8404	-6.0961	-10.9221	-6.6074	-10.5780	1.6086	-2.6514	14.5225	-10.8710	8.8703	9.7187	-8.3312	10.0022	14.2428	8.7868	-5.2320	12.6636	-15.8231	-11.8024	-1.0223	-12.1970
0.3920	-0.3188	0.2840	1.7943	-0.0829	0.8896	-0.8925	-1.1016	1.6046	2.0022	-2.2844	1.0205	1.5239	-1.3636	-1.0509	-0.3287	-1.5853	1.6230	-3.0793	-0.5905	2.4665	-1.1345	0.5296	0.2997	-0.6876
1.9566	-1.6980	1.6539	0.9815	-0.0642	-0.2601	-1.8681	-1.6778	0.7911	2.2484	-2.5984	2.3958	-0.4836	-0.2118	-0.1166	-0.7120	-0.4378	3.6641	-2.2473	-1.4845	4.2939	-2.7894	-0.8551	0.0305	-2.1582
3.4497	-3.1456	2.7906	0.8844	-0.7121	-1.2731	-3.2273	-2.3911	0.8221	2.3899	-2.8738	3.9020	-1.9442	1.2057	-0.0796	-1.5771	0.3727	5.3981	-1.2516	-2.3548	5.3076	-4.5197	-1.7157	-0.1200	-3.7449
5.3388	-5.0392	4.3138	-0.0473	-1.0281	-2.0991	-4.4437	-3.3402	0.4935	2.7722	-3.8103	5.1944	-2.8936	2.5178	0.1579	-2.0428	1.6329	7.1599	-0.6083	-3.4845	6.4246	-5.6648	-2.0513	-0.0813	-4.9959
6.8725	-6.5838	5.7231	-1.0052	-1.3526	-2.2354	-5.4500	-4.3695	-0.4111	3.7027	-4.7384	6.4009	-4.4971	3.5264	1.4152	-2.2773	2.6059	8.6068	0.4815	-4.9439	7.9237	-7.0787	-2.4260	-0.0660	-6.1059
8.8980	-8.3739	6.7286	-1.4176	-1.2903	-3.0859	-6.9191	-5.0622	-1.0647	4.0761	-5.0847	7.7165	-5.7281	4.6092	2.3895	-3.3030	3.6704	10.0113	1.5131	-6.2894	8.9271	-8.8223	-3.6022	-0.2746	-7.4409
10.5622	-9.8532	8.2595	-2.6141	-1.9513	-4.0423	-8.0743	-5.9168	-1.8599	4.2228	-5.8863	9.2199	-6.6119	5.9770	3.2458	-4.0190	4.6298	11.3518	2.6358	-6.9987	10.3889	-10.5578	-4.5604	0.2940	-8.9391
12.3456	-11.0051	9.6435	-3.7428	-1.9355	-4.7947	-9.6311	-6.8401	-3.1504	4.7146	-6.7959	10.7232	-8.0105	7.2570	4.0828	-4.4671	5.9133	12.6976	3.6856	-7.8826	11.6707	-11.9913	-5.5223	0.7113	-10.2369
13.7021	-12.5796	10.7269	-4.2567	-2.0140	-6.0373	-10.8951	-7.4136	-3.8300	5.6353	-6.8718	12.7003	-9.5800	9.0372	4.8188	-5.1255	7.2766	13.9572	4.4770	-9.0930	12.6713	-13.6998	-6.7711	0.4218	-11.2161
14.9238	-14.2179	12.1697	-5.1859	-2.4709	-7.0040	-12.4815	-8.2083	-4.1960	6.5374	-6.6198	13.7161	-10.6866	10.5102	5.8680	-6.3230	8.4691	14.9853	5.1341	-9.5113	13.8821	-15.1448	-7.9655	0.3603	-12.4973
-1.8665	-2.4555	-2.1102	2.7055	1.9366	0.1334	2.6166	-3.1371	-3.0243	-1.1754	1.0217	-0.2488	2.0025	0.7061	-0.2297	0.8155	-0.7911	2.7826	-1.5148	1.6480	2.3515	1.0740	2.7421	1.8447	-2.9628
-0.0107	-4.1332	-0.4565	2.0373	1.3206	-0.5847	0.9574	-4.1132	-3.5265	-0.7739	0.4551	1.2510	0.0304	1.7657	0.6631	0.1601	0.6791	4.8426	-0.9409	0.4146	3.6753	-0.2903	0.9068	1.6945	-4.8187
1.5119	-6.1537	0.9619	0.9868	1.0385	-1.2243	-0.7519	-5.3956	-4.3343	-0.1144	0.2574	2.3851	-1.5627	3.2303	0.9791	-0.5180	1.6212	6.5445	-0.1380	-0.7182	5.3644	-2.0092	-0.3401	1.0647	-6.7142
3.4524	-7.6768	2.5802	-0.3502	0.9275	-1.6474	-1.8615	-6.2917	-5.3322	0.0597	-0.3135	4.1273	-3.0371	4.7642	1.7023	-1.1542	2.9804	8.4940	0.4754	-1.3822	6.3588	-3.4372	-1.4440	0.6944	-8.3935
5.2624	-8.8776	3.7434	-0.9730	0.6756	-2.7745	-3.4537	-7.0763	-6.2545	0.1615	-0.9376	5.5794	-4.6302	6.0273	2.5838	-1.5047	4.3848	9.7557	1.6476	-1.9544	7.2306	-4.7098	-2.4573	1.0350	-10.1916
6.9862	-10.4494	4.9950	-1.7982	0.1131	-3.5426	-4.5075	-7.4968	-7.1719	0.6492	-1.3134	7.1809	-5.7653	7.4301	3.3983	-1.8331	5.8559	11.5405	2.8903	-2.9482	8.8866	-6.0856	-3.4654	1.5375	-11.8059
8.9708	-12.5004	6.4689	-2.5793	-0.0935	-4.3503	-5.8283	-7.9172	-8.2918	1.0101	-1.7009	8.7631	-7.0190	8.6256	4.1627	-2.5853	7.7047	12.9512	3.9633	-3.8343	10.0763	-7.3145	-4.2493	1.8745	-13.2476
10.1427	-13.9556	8.0412	-3.4925	-0.0081	-4.7504	-6.8451	-9.1152	-9.6212	1.1354	-2.9616	9.9002	-8.2780	9.5852	4.8745	-3.8072	9.4866	14.8520	4.6597	-4.1947	10.6327	-8.6789	-4.6729	2.6639	-14.5462
11.5802	-15.5350	9.4716	-4.0786	0.4252	-5.3395	-8.0942	-9.8230	-10.6074	1.2297	-3.5797	11.0725	-9.5392	10.7684	5.7266	-4.7368	10.5993	16.3874	5.1269	-5.3729	11.8897	-10.2168	-5.6791	2.9553	-15.9089
13.6700	-17.4756	11.2284	-4.8819	0.2270	-5.9765	-9.1469	-10.7931	-11.5332	1.3862	-4.1612	12.6168	-10.5799	11.9373	6.5762	-5.7618	11.8087	18.0130	5.5176	-6.4284	13.3240	-12.2601	-6.6546	3.1183	-17.3867
-0.3244	-0.9304	-2.6516	2.7691	-0.2449	-1.0265	1.4940	-1.9374	1.1615	-1.9889	1.6162	-0.8044	2.1415	-1.1940	0.5961	-2.8044	0.2904	-2.7120	1.0513	2.5954	0.2580	-1.1469	2.7316	-1.3670	2.0980
1.0134	-1.7105	-1.7029	2.4772	-0.6708	-1.2291	-0.1507	-3.0151	-0.3815	-1.4720	0.7999	0.3172	0.8435	0.1807	1.0304	-3.6153	0.8419	-0.7374	2.0014	1.7619	0.9760	-2.8090	1.9267	-0.8035	0.4892
2.6501	-2.9289	0.3565	1.7729	-0.6702	-2.3945	-1.0124	-2.9093	-1.3812	-1.4720	0.0991	1.6351	-0.1979	1.1665	1.1714	-4.1934	1.4780	0.9559	2.8856	0.3295	1.5316	-3.9932	0.4457	-0.5079	-0.9480
4.3203	-3.9532	1.3242	1.0958	-0.1043	-3.3420	-2.1791	-3.2833	-2.4876	-0.9173	-0.1958	3.2424	-1.1079	2.1539	1.4350	-5.2190	2.2242	2.2800	3.9530	-0.8550	2.5876	-5.4327	-0.6927	0.2844	-2.4850
6.0751	-5.4247	2.4285	1.0891	0.5409	-4.5648	-3.1357	-4.1823	-3.4125	-0.4911	-1.0140	4.9168	-2.5393	3.5220	2.1923	-5.7714	3.0027	3.6722	4.9127	-2.1928	3.8450	-6.8814	-1.9328	0.9675	-4.0567
7.4844	-7.0360	3.5771	0.3100	0.4605	-5.4811	-4.4676	-5.1185	-4.2086	-0.0355	-1.4645	6.5766	-4.1609	4.6919	3.2082	-6.9432	4.1327	5.5693	5.6258	-3.3676	5.2939	-8.3249	-3.2893	1.2559	-5.2765
9.1030	-8.2880	4.8249	-0.7422	-0.0063	-6.3537	-5.6829	-6.3840	-4.8154	0.0917	-1.6074	7.5591	-5.5424	6.0661	4.4107	-7.4864	5.3385	7.0548	6.1471	-4.4528	6.7506	-9.5129	-4.7622	1.7729	-6.7227
10.9529	-9.3470	6.3646	-1.3465	0.1108	-7.4750	-7.0385	-7.2447	-5.9134	0.3074	-1.9785	9.2017	-7.3308	7.0789	5.1509	-8.1621	6.4620	8.6658	6.9836	-5.9625	7.8209	-11.0158	-6.2311	2.2748	-8.1663
12.3170	-10.7404	7.2381	-1.5831	-0.2579	-8.0927	-8.3553	-8.2401	-6.9239	0.1474	-2.5314	10.4618	-8.5178	8.2614	5.9232	-9.3004	7.4968	10.1460	8.1771	-7.3391	9.5905	-12.7208	-7.7179	2.5556	-9.7459
14.2338	-12.3861	8.8735	-2.1742	-0.7792	-8.5910	-9.8805	-9.1022	-7.4274	0.6339	-3.1814	11.3691	-10.2367	9.7114	7.1641	-10.3224	8.8750	11.7469	9.1861	-8.6148	10.7148	-14.4745	-8.9751	2.4107	-11.1112
-3.1186	-0.0285	2.9336	-2.3566	-1.2371	0.7951	2.4815	0.6810	1.5336	-1.1497	-1.6051	2.7815	0.4224	-1.1550	-1.0122	0.0552	-0.7636	-2.1262	-1.8577	-0.6912	-2.2644	1.6559	-1.6033	-0.7637	-1.3685
-1.6426	-1.8967	4.3588	-2.9733	-1.5192	-0.0636	1.7107	-0.1912	1.0589	-0.5885	-2.3131	4.4087	-1.3481	0.0526	-0.4533	-0.9509	0.5282	-0.5704	-1.5125	-2.0317	-1.2334	-0.3456	-3.1199	-0.6652	-2.9608
0.0173	-3.3758	5.3025	-3.1522	-1.5936	-1.1467	0.4852	-1.2186	0.5338	-0.0215	-2.5936	5.5304	-2.6199	1.3425	0.3462	-2.1192	1.6438	1.4401	-0.7683	-3.0468	-0.1915	-2.2662	-4.4487	-0.9421	-4.2169
2.0341	-5.3163	7.1558	-4.0452	-1.4805	-1.9345	-0.8621	-2.0588	-0.3376	0.5546	-2.8603	6.5422	-3.9407	2.2859	1.4671	-2.3431	2.5491	2.7744	0.4262	-4.0229	1.3939	-3.6045	-5.7816	-0.9113	-5.6991
3.7403	-7.3061	8.3967	-4.7313	-1.7554	-3.0367	-2.2377	-2.7289	-0.8197	1.0264	-3.4394	8.4364	-5.4994	3.5111	2.2856	-3.0565	3.4986	4.3239	1.6039	-5.1129	2.6065	-5.2588	-7.0547	-0.3790	-6.9436
5.3058	-9.0199	9.9194	-5.1573	-2.1640	-4.1013	-3.8036	-3.3506	-1.8494	1.5893	-3.9447	9.5469	-6.3321	4.8914	2.9350	-4.2232	4.8384	5.5938	2.4128	-5.7347	3.6657	-6.4453	-8.3946	0.3700	-8.3279
7.1755	-10.6618	11.7958	-5.5665	-2.3112	-5.0049	-5.2477	-3.8684	-3.2504	2.1716	-4.1272	11.1297	-7.6486	6.1805	3.8040	-5.1526	6.2350	6.9549	3.1849	-6.1539	5.1253	-7.6767	-9.7497	1.0835	-9.5550
8.7515	-11.8613	12.7124	-6.1802	-2.0886	-6.1419	-6.9217	-4.3306	-4.4968	2.7362	-4.4566	12.6166	-8.9123	7.4882	4.7639	-6.2854	7.5684	8.6843	3.7540	-6.8544	6.3871	-8.6971	-11.1147	1.3642	-10.7442
10.4913	-13.3491	14.1455	-6.9170	-1.8952	-6.9951	-8.0867	-5.2163	-5.7503	3.3424	-5.1914	13.6112	-10.2068	9.0502	5.5759	-6.9297	9.3506	9.8863	4.4950	-7.4790	7.3833	-10.0664	-12.6467	1.2949	-12.1265
12.2251	-15.1478	16.0282	-7.8438	-2.5406	-7.6879	-9.4872	-6.2465	-6.8820	3.6062	-6.0364	15.1484	-10.9739	10.2195	6.3976	-6.9236	10.6038	11.2878	5.0734	-8.4168	8.3365	-11.1110	-13.8275	0.9599	-13.2475
0.3417	-2.1742	0.9460	-1.6305	0.6079	-1.7837	2.5068	0.9602	-1.4206	0.8653	-2.1857	-1.7914	-0.7738	-1.7063	0.5978	-0.3209	2.9803	-0.4806	-0.7469	-2.8013	-2.4912	-3.1078	-2.4965	-0.1128	-2.1484
2.1307	-3.8432	2.7407	-2.0987	-0.1866	-2.4982	1.1211	0.1898	-2.2877	1.5810	-2.6137	-0.0826	-2.2723	-0.0934	0.8447	-1.4093	4.5218	1.1293	-0.1178	-3.9955	-0.8902	-4.8320	-4.1726	-0.1028	-3.8016
3.4749	-5.4034	4.1664	-2.2375	-0.6187	-4.0930	0.4857	-0.8747	-3.4817	2.2630	-3.3955	1.4689	-3.8730	1.3037	1.9756	-1.6007	5.9008	2.7877	0.9163	-4.9396	0.1903	-6.1000	-5.2135	-0.1666	-5.2858
4.9723	-6.8445	5.7021	-2.7835	-0.0410	-5.1317	-0.9731	-1.5378	-4.8329	3.1791	-4.6671	3.2998	-5.8507	2.0193	2.8225	-2.4140	7.5189	4.6767	1.5826	-5.9795	1.3162	-7.4669	-6.3762	0.0002	-6.7360
6.2024	-8.3781	7.4835	-3.4030	-0.2810	-6.3015	-2.1721	-2.1039	-5.8055	4.2980	-5.0985	4.8500	-7.2935	2.9654	3.8764	-3.3145	8.6083	5.9579	2.1582	-7.1627	2.5317	-8.8924	-7.9576	-0.1112	-8.2176
8.1849	-9.4948	8.8712	-4.7416	-0.9706	-7.1937	-3.3828	-2.5854	-6.0357	4.9142	-5.2502	6.0112	-8.8294	4.1743	4.8534	-4.1946	9.5409	7.9615	2.5056	-8.1761	3.8977	-10.5064	-9.0680	0.2075	-9.5525
9.7110	-10.7698	10.1978	-5.5861	-1.1164	-7.9057	-4.9310	-3.4861	-6.4239	5.2639	-5.9600	7.6683	-10.0632	5.1341	6.0069	-5.3012	10.9801	9.4066	3.2722	-9.2805	4.9850	-12.1280	-10.3850	0.6733	-10.9219
11.5414	-12.4979	11.5754	-6.2699	-1.4928	-8.5652	-6.3341	-4.7583	-7.6300	5.3052	-6.6271	8.8993	-11.2822	6.4626	7.0490	-6.3774	12.2454	11.3008	4.3318	-10.2535	6.5887	-14.1292	-11.9294	0.6958	-12.3513
12.8330	-14.5888	12.7885	-7.3961	-1.7649	-9.0221	-7.8853	-5.7815	-8.6304	5.4277	-7.1138	10.4090	-12.8917	7.7283	7.7298	-7.1416	13.1654	12.5742	5.4695	-10.8975	7.6331	-15.8307	-13.3883	0.3805	-13.6123
14.2914	-16.3096	13.7410	-8.0067	-2.3357	-9.8781	-9.2565	-6.9988	-9.3820	6.1944	-7.4552	11.4904	-13.7818	9.3641	8.8570	-7.7205	14.0761	13.7191	6.5275	-11.8869	8.7850	-17.2235	-15.0252	0.3084	-15.0657
2.1545	1.7536	-2.2264	-1.0045	-2.7858	1.8022	-2.8318	0.9137	1.2201	2.0380	-1.4302	-2.7139	2.1391	-0.6190	0.4430	-0.7960	1.9913	1.6802	-2.2139	0.5532	-2.3558	3.0485	0.9031	-2.0731	0.6900
4.1974	0.0491	-0.7274	-1.3104	-3.0469	1.2109	-3.8870	-0.0588	0.0891	2.9136	-1.5039	-1.3134	0.6024	0.4699	1.1170	-1.8490	3.8464	3.4952	-1.4993	-0.9273	-0.6992	1.0950	-0.7141	-1.6553	-0.7801
5.8163	-1.4633	0.6089	-2.4831	-2.9203	-0.2225	-4.4087	-0.8360	-1.0614	3.4904	-2.0054	0.4031	-0.8419	1.5261	2.2547	-2.9804	5.0606	4.7046	-0.7886	-2.5330	0.5576	-0.7321	-2.3486	-1.3811	-2.2505
7.8434	-3.4765	2.1741	-2.8597	-2.9489	-1.2929	-5.5528	-1.7997	-2.0741	3.9481	-2.4532	1.7880	-2.2493	2.7230	3.4688	-3.9841	6.7480	6.1040	-0.3070	-3.5890	2.1279	-2.4541	-3.9059	-1.4363	-3.9654
9.3897	-5.0953	2.8680	-3.6976	-3.5469	-2.0228	-6.3790	-2.7192	-2.9318	4.3328	-3.4840	3.0697	-3.6517	3.8564	4.7522	-4.6489	8.5529	8.0074	0.5653	-4.7503	3.1297	-4.3278	-5.1087	-1.4394	-5.3977
10.9180	-6.5657	3.9302	-4.8872	-3.7691	-3.0662	-7.5597	-3.7129	-4.0720	4.7525	-4.1563	4.2670	-5.1892	5.4362	6.2575	-4.8705	9.9567	9.4883	1.5487	-5.8842	4.2756	-5.8191	-6.3646	-1.3018	-6.8090
13.0950	-8.0490	5.0511	-5.9172	-3.1751	-3.2003	-9.0495	-3.5624	-5.0621	4.9311	-4.9189	5.1192	-6.5228	6.8940	6.9644	-5.9953	11.3759	10.9205	2.5650	-6.3912	5.7330	-7.3436	-7.2230	-1.4875	-8.3427
14.7730	-9.6686	5.8776	-6.2584	-2.7802	-4.1862	-9.9020	-4.2474	-5.5943	5.0833	-5.5865	6.7414	-8.1088	8.3194	7.9581	-7.4037	12.9493	11.9577	3.9183	-7.5000	7.2677	-9.1003	-8.6147	-1.5400	-9.3929
16.4023	-11.2015	7.1571	-6.8000	-2.8683	-5.5813	-10.9912	-5.1513	-6.5263	5.8030	-6.1164	8.0245	-9.7110	9.7854	9.2367	-8.4008	14.4434	13.7198	5.1963	-8.7119	8.4582	-10.7167	-9.8438	-0.9144	-10.7259
18.0363	-12.8634	8.4637	-7.7674	-2.8505	-6.7783	-11.7709	-5.4151	-7.6289	6.1979	-6.5913	8.8061	-11.2330	11.2061	10.3285	-8.7124	16.1861	14.7823	6.0180	-8.9038	9.5728	-12.4434	-11.2786	-0.9167	-11.8064
-2.2941	-3.0025	-0.8266	2.0241	2.3628	-2.9455	-1.2027	-3.0812	-2.3757	-0.5164	1.7237	3.0431	2.1832	2.0755	2.6348	1.4984	-1.3817	1.6017	0.4744	-2.0161	1.5923	-2.7159	0.6328	-1.6368	2.8235
-0.4957	-4.7509	0.8279	1.1429	2.0861	-3.7717	-2.3070	-4.1877	-3.2081	0.3111	1.2621	4.6167	0.6256	3.2499	3.1493	0.7229	0.2965	2.7402	1.4824	-3.0373	2.5379	-4.5041	-0.2400	-1.5738	1.4881
0.9519	-6.4642	2.1324	0.5772	2.2119	-5.0614	-3.3082	-5.0057	-4.7952	0.6579	0.9390	6.3833	-0.6847	4.3789	3.6724	-0.5383	1.9240	4.5674	2.4990	-4.5755	3.1294	-6.2810	-1.1743	-0.8092	0.3176
2.2814	-7.7851	3.6052	-0.3231	2.2353	-6.1517	-4.4707	-6.1611	-5.9536	1.0675	0.0548	7.7040	-2.1887	5.6335	4.3786	-1.3113	3.4679	5.9999	3.5170	-5.9518	4.7311	-7.8714	-2.2351	-0.7507	-1.0174
4.2142	-9.3440	4.7597	-1.3479	2.0250	-7.1053	-5.3832	-6.4433	-7.1429	1.5619	-0.3947	9.4802	-3.3935	6.8551	4.8512	-2.2101	4.5843	7.7665	4.3179	-7.2488	5.8973	-9.3614	-3.2474	-1.1187	-2.5809
5.1343	-10.7852	5.8497	-2.8453	1.7815	-8.3920	-6.4530	-6.1420	-8.6584	1.8235	-0.0913	10.7315	-3.5998	7.6393	5.3395	-3.0107	5.1712	9.7711	4.3112	-8.9020	7.0206	-10.5732	-3.9997	-1.3320	-3.5805
7.1792	-12.3840	7.5686	-3.3367	1.6051	-8.7083	-7.5546	-6.4139	-9.2549	2.0120	-0.0524	11.7892	-4.6429	8.5879	6.3433	-3.4832	6.6847	11.4060	4.7968	-9.7258	7.9398	-12.3741	-5.4746	-1.1663	-5.1485
8.6647	-13.5120	8.3997	-3.3201	1.1606	-8.9050	-8.8095	-7.0435	-9.2574	1.7668	0.0298	13.4105	-6.0702	9.8692	7.2245	-4.6023	8.1105	13.3044	5.4160	-10.8087	8.5583	-13.7998	-6.2499	-1.3220	-6.1609
10.5522	-15.1100	9.5442	-3.8385	1.0860	-9.6186	-10.0713	-7.9191	-9.4260	1.8031	-0.2676	14.7941	-7.2965	11.3016	7.4727	-5.5234	9.3978	14.7128	6.5820	-12.0796	10.1880	-15.6768	-7.6195	-1.5833	-7.5229
12.3659	-16.8803	10.7544	-4.6207	0.9665	-10.1174	-10.9922	-9.1937	-9.9197	2.2318	-0.6482	16.1211	-8.7624	12.7476	8.0878	-6.2355	10.9753	16.4574	7.4123	-13.1060	11.6219	-17.4244	-9.5090	-1.8029	-9.1888
-2.3982	-2.7048	-1.1504	1.6716	-1.2694	-1.2491	-0.5187	-1.0228	-2.2629	-2.8860	0.0853	-0.3064	2.9998	1.9459	-2.2242	1.2129	-0.3225	2.0001	-1.6283	-2.9421	0.5332	1.0082	-2.0015	1.7258	1.7162
-0.5600	-4.3368	0.4944	1.3175	-1.3514	-2.0790	-1.8964	-1.4740	-2.7154	-2.2681	-0.1634	0.8714	1.9288	3.2515	-1.4799	0.2804	1.2143	3.5655	-0.7461	-3.7856	2.1182	-0.3954	-3.3516	2.2167	0.4089
1.0390	-5.6548	1.6819	0.4845	-1.7214	-2.5976	-3.0844	-1.8603	-3.1348	-1.7975	-0.4133	2.6181	0.5841	4.2719	-0.6971	-0.2910	2.8275	5.4959	-0.0976	-4.5686	3.8120	-1.8282	-4.4478	2.5376	-0.8296
2.9231	-7.2592	2.9640	-0.2874	-2.0778	-3.0671	-4.8549	-2.6151	-3.6920	-1.5779	-1.3825	4.1037	-0.9246	5.4505	-0.4965	-1.4976	4.7977	7.0202	0.5729	-5.7207	5.0418	-3.1373	-5.5606	2.5968	-2.2832
4.5488	-9.1089	4.7261	-0.9152	-1.9976	-3.9166	-5.6704	-3.3311	-4.6059	-1.5157	-2.0194	5.3649	-2.2263	6.5344	0.4335	-2.4080	5.9530	9.0342	1.3599	-6.8230	6.0592	-4.6887	-6.5592	2.8042	-3.2820
6.4674	-10.4890	6.0771	-1.4026	-2.0537	-4.5460	-6.9568	-3.8889	-5.6654	-1.3838	-2.5956	6.8850	-3.5158	7.6613	1.6746	-3.1001	7.0923	10.3776	2.3152	-7.9221	7.3302	-6.2852	-7.6381	2.9351	-4.3846
7.7889	-11.9905	7.4403	-2.0188	-2.4309	-5.8349	-7.7587	-4.6863	-6.5234	-0.6818	-3.4455	7.8492	-5.0279	9.2741	2.7361	-3.9709	8.2671	12.2273	3.4435	-9.5358	8.3940	-7.5023	-8.8369	2.9470	-5.7482
9.2616	-14.0301	8.7648	-2.2851	-2.1923	-6.2017	-8.9712	-5.5491	-7.5387	-0.5728	-4.3663	8.7829	-5.9687	10.6736	3.5649	-5.0914	9.5157	14.0440	4.5727	-10.8321	8.8072	-8.7690	-9.6655	2.7413	-6.8567
11.2505	-15.7362	9.7767	-3.0805	-2.4366	-6.9091	-10.6298	-6.1543	-8.5961	-0.3500	-4.5515	10.1597	-7.8216	11.9277	4.7302	-5.4600	10.8352	15.8558	5.3865	-11.6932	9.8841	-10.1627	-10.8166	2.6494	-8.3142
13.1219	-17.4075	11.2797	-4.0191	-2.5051	-7.8348	-12.0379	-7.2812	-9.5998	0.3388	-4.7614	11.6710	-8.9927	13.0071	5.1392	-6.1094	11.9053	17.3453	5.8679	-12.5964	11.3133	-11.6699	-11.7443	2.9119	-9.6676
-1.4108	0.2581	1.8389	-0.0490	-0.1080	2.2778	0.6818	-2.1961	-1.2772	-2.0496	-2.4033	0.4540	-0.2355	-2.3132	-3.1236	-2.6420	2.0916	-0.9291	2.1649	2.9126	2.5916	-0.6831	1.4483	2.1267	-1.9521
-0.1866	-1.6707	2.8912	-0.9584	-0.4533	1.3697	-0.3387	-2.5576	-2.7130	-1.4136	-2.5896	2.0289	-1.4879	-1.1347	-1.9209	-3.5034	3.4333	1.0331	2.7781	1.7553	3.7844	-2.4562	0.4479	2.0670	-3.1068
1.7078	-3.1805	4.2795	-2.1429	-0.4263	0.8561	-1.7789	-3.3585	-4.0090	-1.3203	-3.0637	3.4310	-3.0087	0.0788	-1.3575	-4.6384	4.5798	2.8330	3.5518	0.8830	4.7788	-3.7962	-0.2052	2.3522	-4.4848
3.3622	-4.8904	5.4561	-3.0918	-0.1412	0.4718	-2.9557	-4.1574	-5.0596	-1.2522	-3.6217	4.7615	-4.0085	1.2658	-0.7389	-5.3904	5.3632	4.6326	4.1802	0.2771	6.0939	-5.5885	-1.0031	2.7197	-5.8632
5.1296	-6.4514	6.7876	-3.0003	-0.3004	0.0417	-4.0587	-5.3169	-5.6118	-1.3995	-5.0209	5.8815	-5.5463	2.1216	-0.6028	-5.5084	6.6105	5.7807	4.8211	-0.4090	7.6241	-7.5356	-2.1771	3.3099	-7.1010
6.4669	-8.4212	8.4744	-3.0056	-0.7772	-1.2215	-5.5228	-6.4078	-6.6718	-1.1699	-5.5490	7.2372	-7.5275	3.4559	-0.4992	-6.0503	8.3943	7.3722	5.5309	-1.6512	8.7130	-8.9731	-3.3786	4.1610	-8.3790
8.5483	-9.6470	9.5786	-3.4668	-1.4110	-2.1743	-6.5027	-7.6123	-7.8900	-1.2736	-5.5793	8.5596	-8.9493	4.8148	0.0806	-6.7812	10.0279	9.0818	6.5002	-2.2502	10.5569	-10.4418	-4.8833	4.3195	-9.5489
9.7097	-10.7889	10.6655	-4.1315	-1.7737	-3.6022	-7.7401	-8.7191	-8.5966	-0.7409	-6.1321	9.9874	-10.3941	6.0150	0.7307	-7.7776	11.9707	10.3244	7.1576	-3.2068	12.0171	-11.7397	-6.2480	4.4407	-10.6437
11.1801	-12.2196	12.5063	-4.6267	-1.9101	-4.1658	-9.2525	-9.9437	-9.4905	-0.2328	-6.8637	10.9329	-12.0539	6.7902	1.4558	-8.5806	13.1620	12.3943	7.8050	-4.1448	13.3042	-13.5509	-7.4563	5.1039	-11.8825
13.1204	-13.8239	13.6479	-5.8042	-2.0044	-5.1168	-10.2437	-9.9969	-9.9769	0.2283	-7.1122	12.7553	-13.0883	7.7111	2.1418	-9.2065	13.9591	13.5737	8.3462	-5.1082	14.3594	-14.9516	-9.0252	5.7405	-13.1709
-2.7504	-3.0796	2.2154	0.4472	2.1473	-0.7489	-3.0170	-0.1705	-2.0984	0.3928	-1.5990	2.9647	1.2982	-2.5096	1.4282	1.2501	-1.6175	-0.9055	-0.9877	1.6989	-2.7114	0.2239	0.6095	-1.5776	1.2595
-0.8706	-5.0941	4.0332	-0.2507	2.5328	-1.9169	-4.2914	-0.6956	-2.8977	0.8116	-2.4500	4.3638	-0.2841	-1.1451	1.8404	0.4541	-0.0914	0.5593	-0.1105	0.8333	-1.3511	-1.3966	-0.9788	-1.2472	-0.1295
0.6509	-6.6672	5.4245	-0.8593	2.4664	-2.5502	-5.6085	-1.8767	-3.4330	1.5001	-2.7595	5.5449	-1.6645	0.0684	2.3233	-0.7770	1.1365	1.9746	0.9592	0.1345	-0.0716	-2.7738	-2.6331	-1.3444	-1.6518
2.8102	-8.4014	6.8625	-1.7141	1.7890	-3.0701	-6.7427	-2.7789	-4.4152	1.8933	-3.0940	6.9012	-3.2719	1.3048	3.0009	-1.8491	2.2190	3.6363	1.8335	-0.1413	1.5798	-4.2532	-4.0875	-1.6619	-2.8594
4.1119	-10.3690	8.0277	-2.8575	1.0996	-4.0797	-7.9381	-3.9157	-5.4919	2.2268	-3.8494	8.3895	-4.9603	2.1126	3.5680	-2.9503	3.4762	4.6760	2.8965	-0.3333	3.0386	-5.8019	-5.7599	-2.0130	-4.1279
6.0093	-12.3337	9.4466	-3.6559	1.0535	-5.0466	-9.4443	-5.0898	-6.0206	2.2352	-4.6721	9.2946	-6.0270	3.1339	4.5477	-4.1163	4.4489	6.3341	3.8107	-1.2113	4.5380	-7.1949	-7.2773	-1.7494	-5.3621
7.2885	-13.7300	10.4201	-3.7550	0.6121	-6.3450	-10.5901	-6.3981	-6.9277	2.8078	-5.0410	10.3693	-7.6411	3.8441	5.7579	-4.3189	5.8369	7.3577	4.7948	-2.2843	6.0065	-8.6939	-8.6901	-1.6848	-6.9796
9.0327	-15.4234	11.6218	-3.9789	0.3372	-7.1717	-11.8841	-7.5465	-7.9365	3.5462	-5.3795	11.9086	-8.8206	4.5807	6.8197	-4.6592	7.2113	9.1251	6.0708	-3.3297	7.1259	-10.2696	-10.2558	-1.8111	-8.3245
10.2649	-16.8189	13.2373	-4.2984	-0.2333	-7.6161	-13.1588	-8.2484	-8.5373	4.0803	-6.0626	12.8287	-10.1925	6.1310	7.6176	-5.2429	8.6270	10.0427	6.6891	-4.2492	8.6142	-11.6499	-11.5218	-1.1734	-10.0229
12.1536	-18.2097	14.3892	-4.6805	-0.4588	-7.8739	-14.0684	-8.9643	-9.4982	4.7008	-6.6408	13.7819	-11.5058	6.9127	8.5714	-6.5190	9.8847	11.7633	7.1886	-5.1778	9.7575	-13.4037	-13.0168	-0.2707	-11.4043
2.9973	-0.7960	-1.7809	-0.4845	2.8131	1.1467	-0.6979	-1.5661	-1.7993	-0.5227	-0.5979	3.1284	-2.7425	-1.7498	1.9038	3.1242	1.0743	0.6038	-2.6943	0.7630	-2.3927	-1.5662	-2.8543	-0.4203	0.7692
4.7184	-2.4566	-0.1940	-1.6568	2.9478	0.5148	-2.3383	-2.4748	-2.4772	0.1030	-1.5324	4.3915	-4.6241	-0.6231	2.4423	2.7771	2.7585	1.9051	-1.8713	0.1003	-1.3498	-2.8925	-3.9074	-0.4006	-0.6215
5.7161	-3.9732	1.7238	-2.5633	2.7778	0.0466	-3.2695	-2.7227	-2.8235	1.0679	-1.9836	5.5025	-5.7750	0.3975	2.4644	1.8811	4.3780	3.2450	-1.3466	-1.2738	-0.6473	-4.6188	-5.1071	-0.1536	-2.2523
7.7497	-5.4428	3.1108	-3.3413	2.1529	-0.9055	-5.1755	-3.3695	-3.9340	1.8356	-1.9667	6.9286	-7.6842	1.8649	3.1289	0.7967	5.7014	5.1383	-1.0696	-2.3298	0.7448	-6.3386	-5.8164	0.4869	-3.3867
9.2424	-6.5403	4.5373	-3.7267	1.4515	-2.0562	-6.5228	-4.5440	-4.7545	2.2261	-2.6675	8.1357	-9.2371	3.0934	4.3374	0.0741	7.4738	6.8836	-0.5506	-3.1626	2.3838	-7.9305	-6.7489	0.9170	-4.9036
11.1457	-7.7424	6.1779	-4.6424	1.1564	-2.9319	-8.2186	-5.5366	-5.8808	2.5724	-3.4652	9.7221	-10.6280	4.4229	5.3585	-0.2312	8.9094	8.2617	0.5703	-4.1282	3.6498	-9.7369	-7.8630	0.9350	-6.0451
12.8660	-9.0762	7.7072	-5.2527	1.2667	-3.8831	-9.3312	-6.6454	-6.9184	2.6709	-3.8792	11.2043	-12.0021	5.9695	6.2184	-1.0569	10.4846	9.9505	1.7441	-5.1026	5.4078	-11.1091	-8.7699	0.7312	-7.3942
14.4281	-10.5741	8.7993	-5.7487	0.8683	-5.1874	-10.6976	-7.6884	-7.5546	3.0248	-4.1413	12.6824	-13.3352	7.5087	7.0853	-1.8562	12.2726	11.3603	2.7797	-5.9076	6.6946	-12.5330	-9.6531	0.7736	-8.6972
16.0252	-11.8986	10.4016	-6.7610	0.3578	-5.9683	-11.3868	-7.9473	-8.3789	3.1957	-4.2024	14.1134	-14.1147	8.9788	8.6347	-2.0588	13.4492	12.6594	3.2806	-6.8342	8.0343	-13.7082	-10.5024	0.9795	-10.1380
17.7049	-13.6177	11.7632	-7.5112	0.4461	-7.3305	-12.4607	-8.5580	-9.7815	4.0083	-4.4269	15.8280	-15.5693	10.0087	9.2779	-3.2043	15.1404	14.4120	3.8172	-7.5607	9.4751	-15.0467	-11.3006	1.3801	-11.3196
-2.0112	2.5317	-1.0671	-1.5158	-0.4428	-1.5850	0.5858	-1.0245	0.4158	3.0277	-0.4082	0.2067	1.5845	0.2425	0.1305	0.1646	-2.2038	-2.1744	-2.6155	-1.7203	2.2196	-1.1236	-2.4218	-0.8746	-1.6829
-0.6712	1.2584	0.1511	-2.2547	-0.7355	-2.2884	-1.2547	-1.5560	-1.0158	3.7192	-0.8368	1.2659	0.3330	1.7077	0.5319	-0.8706	-0.8310	-0.5228	-1.7891	-2.7435	3.9222	-2.8539	-3.6820	-0.7418	-3.0081
1.4074	-0.3514	1.9216	-2.7655	-0.6653	-2.8082	-2.6252	-2.4929	-2.1421	4.0784	-1.3668	3.1083	-1.1881	3.0012	0.9248	-1.9748	0.5511	0.9769	-0.7471	-3.4781	5.1459	-4.1695	-4.7536	-0.4444	-4.0472
2.8252	-2.0026	2.7612	-3.4936	-0.8602	-3.9396	-4.4059	-3.4623	-3.1389	4.5294	-2.3351	4.1716	-2.2918	4.4212	1.8827	-2.7800	2.0349	2.5024	0.3115	-4.3741	6.7570	-5.3133	-5.7906	-0.2097	-5.2177
4.4556	-3.1775	4.0233	-4.7290	-1.5273	-4.7414	-5.4586	-4.2861	-4.4296	4.9050	-2.8185	5.9221	-3.9455	5.6952	2.3792	-3.0682	2.9908	3.9112	1.5905	-5.4930	8.0484	-6.4108	-6.8056	0.5266	-6.2612
6.4197	-4.2512	5.3957	-5.6051	-1.5981	-5.5545	-6.9293	-5.4650	-5.3378	5.3106	-3.1223	7.4107	-5.5765	6.9722	3.1425	-3.5860	4.4327	5.3517	2.6663	-6.3579	9.0981	-7.6020	-7.8671	0.8294	-7.3759
7.9947	-5.4919	6.1644	-6.4487	-1.2037	-6.6139	-8.1105	-6.4993	-5.7812	5.4057	-4.0043	8.8025	-7.3060	8.4790	4.0255	-4.6758	5.9108	6.5949	3.5148	-7.4406	10.4839	-8.7502	-8.8367	1.0283	-8.6672
9.9593	-7.1726	7.3551	-7.3219	-1.1479	-7.3797	-9.3181	-7.7039	-6.3027	5.5532	-4.5237	10.2381	-8.9810	9.7553	4.9965	-5.5533	7.1794	8.4638	4.5795	-8.5915	11.5867	-9.6676	-9.9801	0.9300	-9.8991
11.0396	-8.9501	8.6627	-8.4911	-1.6459	-8.5342	-10.3574	-9.2368	-6.5619	6.3018	-5.0746	11.0708	-9.9791	10.6341	5.9809	-6.6809	8.8230	10.1079	5.3739	-9.5776	13.1653	-10.3384	-11.0393	0.7156	-11.1028
12.7609	-10.4791	9.7346	-8.9940	-1.8635	-9.6381	-11.6153	-10.0836	-7.4540	7.3993	-5.5688	12.4638	-11.2744	11.8786	6.4349	-7.4981	10.7233	11.8147	5.8516	-10.6027	14.4218	-11.8158	-12.4824	1.2263	-12.4575
-0.6546	0.0337	-1.3634	2.5605	-2.7862	-0.1508	2.3124	-1.3562	2.4833	2.7786	-0.2573	-3.1035	-0.4627	1.9201	-0.4922	-1.2187	-1.1049	0.0980	0.5778	1.4571	-2.3842	-1.8311	1.5064	-0.5429	-1.4524
1.3575	-1.3296	-0.1411	1.5257	-3.1055	-1.3213	0.9608	-2.7328	1.7509	3.4159	-0.6459	-1.4447	-1.8554	2.6206	0.2016	-2.4324	0.3315	2.2288	1.1798	-0.0615	-0.9620	-3.4081	0.4707	-0.9575	-2.8731
2.8589	-3.1165	1.2443	1.0017	-3.6844	-2.1472	-0.2058	-3.7248	0.8656	4.1550	-1.4863	-0.2435	-2.8960	3.8254	1.5962	-2.8423	1.6561	3.5307	1.9551	-1.3115	0.0463	-4.7937	-0.5004	-0.9280	-4.1557
4.4693	-4.7736	2.6949	0.2422	-3.4059	-3.4496	-1.3003	-4.8320	0.0403	4.5218	-2.0785	1.2378	-4.6021	4.6637	2.5849	-3.3267	2.9674	5.0059	2.9745	-2.5662	1.4287	-6.3220	-1.2865	0.0168	-5.6793
6.0679	-6.2908	4.3155	-0.7754	-3.2206	-4.4453	-2.7388	-5.6339	-1.1591	4.9130	-2.1119	2.3666	-5.5171	5.3364	3.0530	-4.5469	4.4975	6.5873	3.9922	-3.4426	2.4306	-7.9537	-2.3182	0.6148	-6.8630
7.5275	-8.3360	5.6221	-1.7758	-3.3846	-4.9758	-4.1868	-6.4705	-2.5198	5.3578	-2.5237	3.4599	-7.0124	6.4056	3.9297	-5.3033	5.5066	8.2736	4.8850	-4.1579	3.4334	-9.5278	-3.6533	0.7147	-8.1401
9.4166	-10.3856	7.0156	-2.8218	-3.8814	-5.5113	-5.7130	-7.6236	-3.6505	5.8507	-3.2598	5.3918	-8.3784	7.5723	4.8618	-6.3525	6.3551	10.0925	5.5889	-4.8302	4.7322	-11.1309	-4.8465	0.9116	-9.6704
10.9032	-12.1151	8.0165	-3.4508	-4.3172	-6.1298	-7.2803	-8.4436	-5.0427	6.7240	-4.1160	6.5873	-9.2810	8.5441	5.1655	-7.4862	7.6617	11.7854	6.3287	-5.8832	5.9279	-13.0081	-6.0542	0.9080	-11.1675
12.5808	-13.5356	9.2260	-4.0428	-4.9633	-6.9381	-8.8364	-8.9972	-6.1620	7.3946	-5.0495	8.4557	-10.5341	9.8924	5.7393	-7.8787	8.8661	13.6878	7.0831	-6.9212	7.1710	-14.6080	-7.3657	1.1429	-12.5680
13.9233	-14.6278	9.9865	-4.2722	-5.0477	-7.3197	-10.0912	-9.9191	-6.9737	7.8442	-6.0640	9.7429	-12.2408	11.0162	6.4890	-8.2808	9.9886	15.7813	7.4455	-7.3898	8.6891	-16.2636	-8.7071	1.4977	-13.5032
2.3939	1.8074	1.1664	2.9740	1.1069	2.3682	1.4031	-1.0573	-2.8639	1.4333	2.2392	0.7783	-2.7475	3.0347	-2.0451	-2.1864	-0.8549	2.2558	2.5090	-1.5780	2.3294	2.5125	-0.0308	-2.1835	-0.4912
3.9600	-0.1459	2.6885	2.1483	1.3533	1.3482	0.0342	-1.4198	-3.9468	1.7177	1.8274	2.4684	-4.2502	4.1122	-1.7606	-3.4593	0.7480	3.8506	3.1290	-3.0938	3.5349	0.5486	-0.8593	-2.1460	-1.6027
5.1964	-0.7582	3.8174	2.3058	1.1547	0.1679	-0.8193	-2.4984	-4.3291	2.4824	1.1840	3.9220	-5.9328	4.5080	-1.0933	-3.7794	2.2534	5.0597	3.7138	-3.9017	3.9508	-0.7969	-1.6543	-2.6684	-3.2118
7.2203	-1.9390	5.0607	2.0621	0.5473	-0.8036	-2.3862	-3.2690	-5.2392	3.1782	0.1318	5.1033	-7.4464	5.5773	-0.2731	-4.0680	3.8089	7.0021	4.6225	-4.9338	5.2197	-2.6865	-3.5455	-2.6959	-4.0954
8.5848	-3.3229	6.5004	1.3644	0.0735	-1.7444	-4.0331	-4.0692	-6.4492	4.3078	-0.8834	6.6724	-8.8284	6.9271	0.8517	-4.6967	5.4029	8.6729	5.3616	-6.2468	6.4369	-4.3087	-5.3293	-2.1772	-5.3292
10.0367	-4.3651	7.1646	0.5423	-0.2233	-2.7696	-5.7724	-4.8005	-7.3933	5.4345	-0.8873	8.0070	-10.1621	8.1788	1.8858	-5.5932	6.5948	10.1803	6.2274	-7.5895	7.1652	-5.8122	-7.0236	-1.5419	-6.8680
11.5555	-6.1764	8.0855	-0.4274	0.0337	-3.3699	-7.3815	-5.8072	-8.2739	6.2218	-1.1836	9.6592	-11.7658	10.0031	2.8843	-6.5459	7.7036	11.8002	7.1465	-8.7574	8.1206	-7.3392	-8.4888	-1.0215	-8.1109
13.0244	-8.1463	9.3075	-1.4965	-0.3090	-4.2827	-8.7132	-6.6938	-9.1710	6.9308	-1.9543	11.2799	-12.6814	11.3976	4.3878	-7.8602	9.0274	13.6040	8.0903	-9.8701	9.2832	-8.7683	-9.7979	-1.2943	-9.4143
14.8385	-9.7869	10.3404	-2.8222	-0.2131	-5.1503	-10.0525	-7.6065	-10.1622	7.3422	-2.5847	12.7516	-13.7801	12.9969	4.9896	-8.9976	10.4052	15.4785	9.0006	-11.0970	10.5235	-10.2678	-11.1875	-2.0174	-10.6583
16.4307	-11.3230	11.9902	-4.0909	-0.3136	-6.0989	-10.8420	-7.6870	-10.6671	7.8044	-3.6253	13.9485	-15.0797	13.6913	6.0910	-10.1053	11.9621	16.7667	9.5948	-12.0612	11.9288	-11.8074	-12.7566	-2.1673	-11.7821
2.7513	-2.9123	2.2900	-0.2008	1.3133	0.4168	-2.7143	1.2043	-0.2361	-1.9027	-2.3984	2.5501	2.9036	1.3908	0.0466	1.3485	-1.5706	-0.8816	-0.5799	1.4121	-0.4870	-2.9044	1.3520	-0.6781	-2.8235
4.9513	-4.3592	3.4641	-1.3199	1.1604	0.5098	-3.9190	0.7345	-1.3438	-1.1726	-2.7071	3.6304	1.2106	2.4191	0.8112	0.6180	-0.5023	0.5900	-0.4147	0.3253	0.6628	-4.3036	0.1811	-0.5889	-4.3122
6.5886	-6.0057	5.0602	-1.6737	1.3756	-0.5087	-5.0791	-0.3032	-2.0755	-0.7099	-3.2522	5.4434	-0.7001	3.9178	1.0449	-0.7358	0.5631	1.8472	0.3388	-1.2506	1.6388	-6.1067	-1.5551	-0.5235	-5.9677
8.3276	-7.5510	6.4551	-2.6693	1.2843	-1.3922	-6.5496	-1.2046	-2.8528	-0.1481	-3.2566	6.6367	-2.0423	4.9220	1.6766	-1.7329	1.7593	3.8377	1.2111	-2.9392	3.0139	-7.8895	-3.1591	-0.4525	-7.3285
10.1777	-9.1418	8.1253	-3.5801	1.1320	-2.4783	-7.8722	-2.0587	-4.0360	0.5717	-3.8983	8.2639	-3.8223	6.4748	2.6839	-2.3122	2.9074	5.0555	2.0782	-4.6323	4.0025	-9.5920	-4.6149	-0.1312	-9.0517
11.9452	-11.1014	9.0193	-4.5861	0.8057	-3.9478	-9.5664	-3.2749	-5.0119	1.3274	-4.7596	9.3853	-5.0036	7.7223	3.0369	-3.1822	3.7369	6.9708	2.6463	-5.8459	5.4623	-11.2295	-5.9508	0.4673	-10.6966
13.6155	-13.0044	10.4333	-5.3008	0.7669	-4.8787	-11.0401	-4.5121	-5.7097	1.9073	-5.2099	9.9906	-5.9881	8.9773	2.9216	-4.3988	5.4815	8.8025	2.8410	-7.0611	6.7171	-13.0633	-7.3569	0.9252	-12.2781
15.2991	-14.2405	12.0212	-6.2591	0.5513	-6.0797	-12.6224	-5.0206	-7.0834	2.5955	-6.2065	11.9558	-7.3380	9.8481	3.2501	-5.2373	7.1169	10.7910	3.3002	-7.7749	7.9648	-14.2213	-8.3294	1.1342	-13.8651
17.2891	-15.7935	12.9464	-7.6236	-0.2645	-7.5612	-14.0828	-5.3506	-8.0275	2.9991	-7.5332	12.6019	-8.5113	10.9896	4.0847	-6.0504	9.0321	12.2734	4.1772	-8.6325	9.1576	-16.0017	-9.8516	1.8193	-15.1156
19.0752	-17.2207	14.8727	-8.4917	-0.5683	-8.3092	-15.2292	-6.1889	-9.3176	3.4574	-8.2377	13.5513	-9.9369	12.4455	5.1376	-6.6569	10.3092	14.0906	5.1238	-9.8053	10.1964	-17.4744	-10.9892	2.0232	-16.6761
2.3587	-2.5463	2.9479	-0.4693	-0.2336	0.7832	-1.5385	2.9282	-2.4117	-0.3259	-2.5189	-1.9378	2.4154	0.8168	0.9506	2.7849	2.1207	2.3649	1.0231	-2.5397	0.9619	-2.2269	0.8628	-1.8930	1.0120
4.3099	-4.0058	4.1533	-1.4142	-0.5379	0.9031	-2.6260	1.5414	-3.2455	-0.3543	-2.8742	-0.3922	0.6200	1.8537	1.5861	1.7458	3.1488	3.6796	1.8650	-3.9339	2.0170	-3.5185	0.0646	-1.7084	0.2160
5.7344	-5.7490	5.0869	-2.2470	-0.1903	0.3144	-3.4148	0.2505	-4.1032	0.2460	-3.1523	1.2435	-0.5141	2.9360	1.8144	0.7893	4.4152	5.1106	2.7032	-5.1068	2.7978	-5.4718	-1.1345	-1.6776	-1.0028
7.3412	-7.4194	6.0408	-2.5890	-0.2243	-0.7721	-4.8183	-0.6398	-4.8748	0.8568	-3.8253	2.3778	-2.2758	4.4430	2.4771	0.2743	5.5067	5.9787	3.5860	-5.5614	4.2897	-7.2453	-2.5885	-1.4775	-2.6106
9.3032	-8.8027	7.3537	-3.1322	-0.5739	-1.6634	-6.1544	-1.6824	-5.5293	1.4823	-4.5069	4.1027	-3.6338	5.7502	3.2798	-0.7302	6.9462	7.7633	4.8216	-6.2033	5.6926	-8.9685	-4.1878	-1.5040	-4.1188
10.6564	-10.2397	8.5616	-3.6425	-0.5209	-2.9393	-7.2645	-2.6177	-6.4787	1.9001	-5.4679	5.0379	-4.8929	6.9367	3.9657	-1.7587	8.3125	9.2241	6.2629	-7.0547	7.1554	-10.6648	-5.8097	-1.8236	-5.9431
12.3654	-11.9334	9.9859	-4.3745	-0.8402	-3.8668	-8.8574	-2.7502	-7.4602	2.2944	-6.4292	6.4324	-6.1759	7.9391	4.6302	-2.6984	9.6529	11.0149	7.4387	-7.9905	8.7855	-12.3085	-7.3038	-2.0761	-7.5966
14.0865	-13.5720	10.9956	-5.3219	-1.0152	-4.7116	-10.0687	-3.0417	-8.7461	3.1288	-6.8500	7.9808	-7.5337	9.3547	5.3059	-3.5569	10.8414	12.7246	8.5025	-9.0664	10.2215	-13.6334	-8.8874	-2.2984	-9.2808
15.3181	-15.4942	12.1044	-5.5933	-1.3131	-5.5273	-11.5900	-3.8547	-9.5042	4.1884	-7.4882	8.7955	-8.9298	10.4102	6.6604	-4.3814	12.0303	14.5265	9.9203	-10.1230	11.1763	-15.4600	-10.3535	-2.2085	-10.8378
17.0645	-16.8421	13.2665	-5.9560	-1.5219	-6.4062	-12.9334	-4.4671	-10.0359	5.1612	-8.3026	9.9264	-10.1210	11.8573	7.7845	-4.6115	13.0049	15.9744	10.7672	-10.8026	12.8115	-16.8555	-12.0673	-1.7562	-12.5205
-1.2241	-1.5656	-2.2934	0.0709	1.9810	-1.2743	-1.5615	-1.3833	-2.4848	1.5558	-0.9615	0.0925	1.1594	-1.3361	1.5685	-1.8283	-0.3006	-0.9472	-0.6683	-0.3752	2.8539	0.2874	-0.0369	-2.7894	-0.6481
0.1097	-3.4841	-0.9312	-0.7308	1.8765	-2.5095	-3.0204	-2.0271	-2.9887	1.9902	-1.5470	2.0206	-0.5657	-0.2814	2.2452	-2.9793	0.8899	0.6312	0.1045	-1.7776	4.3582	-1.1953	-1.7067	-2.7401	-2.2790
2.0717	-5.3533	0.5189	-1.1225	1.3995	-3.1327	-4.6573	-2.9540	-3.7914	2.4868	-2.1520	3.2666	-1.9657	1.1094	2.8353	-4.1855	1.9747	2.3009	1.1024	-2.9451	5.1559	-2.8306	-3.2862	-2.6275	-3.7640
3.6719	-6.5833	2.1242	-1.7080	1.0999	-4.0031	-6.0052	-3.7825	-5.2478	2.8380	-2.8042	4.9263	-3.7607	2.0126	3.3656	-4.9672	2.9941	3.6264	2.0269	-4.2556	6.6991	-4.4076	-5.0010	-2.3841	-5.5004
5.4545	-7.9225	3.3176	-2.2245	1.0204	-4.4992	-7.4624	-4.7079	-5.9214	2.8940	-3.7636	6.5427	-5.0314	2.8745	3.9381	-5.4882	3.7774	5.4699	2.8676	-5.2640	8.2111	-5.8456	-6.8144	-2.6149	-7.1472
6.8160	-9.1013	4.8428	-2.9826	1.1438	-4.5817	-8.2251	-5.3485	-7.2061	2.6730	-4.3921	7.9187	-5.9805	3.3760	5.3907	-6.2304	5.0158	6.3931	3.2936	-6.3814	9.2465	-7.5303	-8.1558	-3.0199	-8.0109
8.6512	-10.9450	6.0306	-3.9259	1.3628	-5.4256	-9.2473	-5.9326	-8.3459	2.8227	-4.5789	9.4141	-7.8016	4.3865	5.8392	-6.7750	6.2201	7.9393	4.4963	-7.7054	10.8757	-9.0947	-9.7528	-2.6857	-9.3366
10.1845	-12.3938	7.5624	-4.5785	1.7086	-6.3608	-10.5343	-6.3754	-9.3107	3.1631	-4.5171	11.1247	-8.9540	5.5512	6.4324	-7.9218	7.4008	9.6061	5.7136	-8.9906	12.2112	-10.6545	-11.3014	-1.9039	-10.5844
12.1922	-13.5927	8.6359	-5.2687	1.6881	-7.2072	-11.8172	-6.9409	-10.6354	3.5705	-5.0211	12.5553	-10.2447	6.8610	7.3687	-8.8794	8.2536	11.1924	6.6911	-10.2490	13.3792	-12.3975	-12.7022	-1.4373	-12.0459
13.1105	-14.8921	9.7847	-6.6282	1.1304	-7.7196	-13.2936	-7.1501	-12.0677	3.8352	-6.2316	13.5613	-11.8174	8.1399	8.2104	-9.8488	9.3709	12.9285	6.9854	-11.5949	14.5147	-14.0427	-13.8293	-1.0079	-13.3920
0.9935	-1.3358	0.3579	0.9375	0.9584	-0.0610	-1.4368	-2.2941	-1.5000	0.0179	-1.7411	-2.2038	0.5737	0.6551	1.4250	-0.2659	0.8028	-2.8632	1.4007	-1.9207	1.1451	-0.9781	1.4376	0.8311	-2.3979
2.9442	-2.3914	1.1596	0.0132	0.4516	-1.0886	-1.8484	-3.3768	-1.8603	-0.1006	-1.8883	-1.0021	-1.0709	1.3518	2.9362	-1.1170	1.6142	-1.5295	2.7941	-3.1248	2.8607	-2.2511	0.4348	0.5954	-4.0235
4.9726	-3.9046	2.3586	-1.0160	0.5519	-2.1520	-2.9034	-4.3835	-2.6517	0.1841	-2.2870	-0.0563	-2.7426	2.3504	3.9716	-1.7750	2.6980	0.0126	3.6346	-4.2548	3.6716	-3.9070	-1.0892	1.3900	-5.0987
6.5339	-5.7807	3.2876	-1.1364	0.2403	-3.4262	-4.0576	-5.3113	-3.9152	0.1962	-3.5018	1.3689	-4.2003	3.3058	4.9510	-1.9289	3.6077	1.8391	4.1825	-4.4732	5.1263	-5.3509	-1.9841	2.0028	-6.2976
8.0625	-7.3725	4.6341	-1.9766	0.4228	-4.0610	-5.1436	-6.3805	-4.3590	0.5268	-4.2201	2.8126	-5.4611	4.3563	5.9354	-2.8701	4.5345	3.6974	4.6598	-5.4453	6.4796	-7.0891	-3.2581	2.6936	-7.1812
10.0252	-8.7911	5.8384	-2.9183	0.2461	-4.6332	-6.2626	-7.3504	-4.9736	0.8539	-4.6998	4.3648	-7.1870	5.6685	6.6490	-3.8286	5.5497	5.1881	5.3222	-6.4046	7.1660	-8.5480	-4.3424	3.3953	-8.1981
11.6699	-10.4277	7.1670	-3.5581	-0.5072	-5.3847	-7.5167	-8.3976	-5.9623	1.3196	-5.1469	5.8265	-8.2314	6.5641	7.2893	-4.6488	6.5938	6.5465	5.9099	-7.3151	8.4831	-10.4915	-5.4479	3.6552	-9.4146
13.4628	-11.8641	8.7654	-4.4049	-0.7543	-6.6364	-7.9808	-9.2814	-6.9972	2.0526	-5.8696	6.8330	-9.1020	7.3200	8.1541	-5.0716	7.5879	8.2938	6.4537	-7.8014	9.5864	-12.1603	-7.0087	3.2602	-10.6436
14.8196	-13.3612	10.3439	-5.5731	-0.4478	-7.2744	-9.2961	-10.0447	-7.5954	2.8397	-6.1194	8.1377	-10.5479	8.3973	8.5467	-5.7353	8.1414	9.8201	7.3020	-8.7647	10.5384	-13.7822	-8.4261	3.3216	-11.8462
17.0163	-14.8414	11.4999	-6.1212	-0.8396	-8.3434	-10.8676	-11.2183	-8.1540	4.0445	-6.3300	9.1410	-11.7367	9.2873	8.9434	-5.7670	8.6867	11.7130	8.0733	-9.6345	11.6724	-15.4207	-9.4577	3.5286	-13.1298
-2.5922	0.7536	-3.0625	2.1227	0.3389	1.7244	-1.6123	-2.1195	1.3596	-1.1551	0.5100	-1.0739	0.7384	-0.2267	0.8850	2.8024	-1.4281	-1.3199	-0.0623	2.9226	2.6480	-2.9183	2.4581	2.7149	-1.4971
-0.7758	-1.1152	-1.2796	1.0703	-0.2190	1.0633	-2.9893	-2.3062	0.6710	-0.7798	-0.3962	0.2141	-0.8835	1.0735	1.6562	1.8229	-0.0215	-0.1678	0.4042	1.3770	3.8276	-4.5486	0.7954	2.6180	-2.9116
0.8716	-2.4473	0.1929	0.1551	-0.4750	0.1385	-4.5933	-2.7849	-0.4674	-0.5967	-1.1847	1.7539	-1.8694	2.3123	2.2230	1.0770	1.0821	1.3325	0.9182	-0.0219	5.3834	-5.8977	-0.7550	2.6275	-4.6021
2.1281	-3.1583	1.5222	-0.0402	-0.3300	-0.3584	-6.0301	-3.2287	-1.4924	-0.4092	-2.1982	2.6174	-2.8698	4.0152	2.2671	0.5391	1.8726	2.3095	1.5277	-1.6869	7.0282	-7.7977	-2.2172	2.2439	-5.9981
3.9879	-4.4978	2.5478	0.2325	-0.6724	-1.2513	-6.5163	-3.9836	-2.4223	0.0029	-2.6218	4.5581	-4.6225	4.9429	1.9933	0.3798	2.4004	3.9277	1.8268	-2.8478	8.2986	-9.0775	-2.9118	1.3675	-6.9200
5.4090	-6.1205	4.1232	0.1817	-1.5654	-2.4678	-8.0322	-4.8598	-3.2942	0.8732	-2.6635	5.5581	-5.8240	6.2297	2.3489	-0.1310	4.1461	5.2866	2.4837	-4.1101	8.9762	-10.4409	-4.1248	1.1507	-8.5052
7.1038	-7.8092	5.6356	-0.6846	-1.3489	-2.8890	-8.7813	-5.4389	-4.3499	1.8673	-2.6521	6.8235	-7.1175	7.8128	3.1217	-0.9920	5.6256	6.3363	3.2285	-5.0489	9.7251	-11.8319	-5.5674	1.5671	-9.9438
8.9086	-9.2054	6.6964	-1.4836	-0.8480	-3.9149	-9.7540	-6.1223	-5.1662	2.7549	-3.3327	8.3987	-8.8086	9.0295	3.9237	-1.5419	7.1988	7.7938	4.0366	-5.7286	11.0024	-13.0750	-7.1071	1.8859	-11.3347
10.9361	-10.6276	8.1071	-2.4102	-0.7005	-5.0307	-10.8431	-6.5770	-6.1353	3.5358	-4.0196	9.8011	-10.3649	10.3577	4.2340	-2.6906	9.1279	9.2047	4.6660	-6.5920	12.1328	-14.6456	-8.6303	1.7910	-12.7015
12.6279	-12.3459	9.7119	-2.9569	-1.2573	-6.0173	-11.9920	-7.5344	-6.9637	3.8576	-4.4244	11.4002	-11.7832	11.2587	4.6179	-3.5212	10.3132	10.6509	5.2394	-7.6465	13.1287	-16.0634	-9.8730	2.0022	-13.9452
2.7463	-2.6320	1.6941	-1.9163	0.6745	0.0862	-1.6698	-1.9983	-0.1703	-1.6767	0.0277	-2.2127	-3.0351	2.2730	2.5305	1.5201	2.2096	2.1547	0.1437	2.6638	-2.4846	2.7164	-0.7379	-2.3091	0.9468
4.6017	-3.8751	2.7670	-2.5575	0.8937	-0.5010	-3.1230	-2.5100	-1.0352	-1.1020	-0.4544	-0.8396	-4.7626	3.4832	2.6759	1.2530	3.2464	3.3864	1.3875	1.7519	-1.2312	1.2441	-2.1814	-2.5640	-0.0178
5.9971	-5.3729	4.0235	-3.5134	1.2498	-1.4671	-4.5365	-2.6900	-1.9607	-0.6803	-1.2467	0.6173	-5.8793	4.9136	3.1250	0.5239	4.2122	5.3193	2.5471	1.1219	0.0988	-0.6604	-3.4475	-2.9885	-1.2611
7.9362	-7.1982	5.6151	-4.1545	1.2329	-2.1238	-6.0173	-3.3929	-3.0414	-0.1966	-1.7182	2.1761	-7.6109	6.2924	4.1193	-0.3959	5.6228	6.4510	3.5964	0.6045	1.6429	-2.2166	-4.5756	-3.0044	-2.1190
9.1890	-8.5704	6.7580	-4.6336	1.2706	-2.7794	-7.6291	-4.4173	-4.0271	0.0815	-2.0336	3.4591	-9.0747	7.4522	5.0297	-1.3434	6.7056	8.4928	4.8816	-0.2685	2.8829	-3.8698	-5.3353	-2.8253	-3.3708
10.2360	-10.4217	7.8767	-5.0576	1.2874	-3.9342	-9.1058	-4.9351	-4.6766	0.3177	-3.1218	4.5448	-10.4129	9.0665	5.9383	-2.5078	7.8422	9.6694	5.9885	-1.1206	4.0400	-5.3155	-6.5910	-3.0512	-4.4196
12.1848	-12.3003	9.3124	-6.1007	1.4985	-4.7625	-10.6587	-6.0255	-5.5432	0.7963	-4.0566	6.2355	-11.8636	10.7386	6.8111	-3.6513	9.1719	11.3787	7.0100	-1.6270	5.4087	-7.2711	-7.6539	-3.2113	-5.5098
12.9470	-13.6949	10.4141	-7.0625	1.5761	-5.6449	-11.9026	-7.0256	-6.5925	1.5092	-4.3615	7.2591	-13.2596	12.2751	7.2318	-4.5179	10.7108	12.6822	8.1528	-2.2064	6.2806	-8.4802	-8.8038	-3.2314	-7.1315
14.1520	-15.2943	11.5000	-7.4819	0.8194	-6.5986	-13.1356	-7.5424	-7.1865	2.4164	-4.7113	8.4173	-14.4140	13.5633	7.3919	-5.6163	12.6433	13.7970	9.2747	-3.5366	7.2123	-9.9916	-9.8847	-2.9236	-8.6615
15.9901	-16.8239	13.0872	-8.5878	0.5700	-6.9890	-13.9853	-8.8977	-7.9317	3.2892	-5.1667	10.1926	-16.0545	14.8510	8.1730	-6.1289	14.2953	15.3539	9.9961	-4.4128	8.3813	-11.5643	-10.8082	-2.8989	-10.2224
2.1273	-1.0413	-3.1226	1.9267	1.3559	1.9830	-3.0748	-1.0798	0.8304	2.0519	-1.1501	-0.1653	-2.9642	2.5429	-2.0565	-2.4922	2.7740	1.7320	-0.8057	3.0679	-1.2825	-1.6291	2.2729	0.8331	1.4260
3.7583	-2.1511	-2.1084	1.1261	0.8851	1.7304	-4.3727	-1.1731	-0.5299	2.3990	-1.3903	1.6609	-4.2178	3.5969	-1.4981	-3.3971	4.2231	3.1846	0.1504	2.5608	-0.3526	-3.5705	0.7066	1.2372	0.0093
5.4086	-3.6212	-0.7862	0.0835	0.5650	1.3809	-5.7725	-1.3336	-1.4407	3.3904	-2.1529	3.3536	-6.0080	4.3522	-0.1828	-4.1445	5.6097	4.6780	0.7428	2.5021	0.8112	-5.0583	-0.7589	1.3008	-0.7605
6.7020	-4.6637	0.3747	-0.6484	0.0077	0.1633	-7.2712	-2.1874	-2.4157	4.2757	-2.9251	4.9712	-7.4190	5.7260	0.1674	-4.7732	6.4690	6.1758	1.3466	1.9838	2.3372	-6.7796	-2.1000	1.2666	-1.8688
8.7751	-5.8449	1.5482	-0.9186	-0.5311	-0.6393	-7.9680	-2.9234	-3.9120	5.1608	-3.5169	6.2719	-8.2519	6.8559	0.5530	-5.4436	7.2406	7.6310	2.1215	1.2866	3.3176	-8.2527	-3.6217	1.2392	-3.3958
10.4732	-7.3220	3.1341	-1.1988	-0.0605	-1.3468	-9.3396	-3.5766	-5.3086	5.5868	-4.2059	7.6499	-9.5522	7.7293	1.1940	-6.3710	8.1735	9.2417	2.5889	0.3493	4.5277	-9.4481	-5.1824	0.9844	-4.7491
11.8052	-8.5548	4.5631	-2.2232	0.3401	-2.5172	-10.1743	-4.8581	-6.0121	6.0734	-5.2258	8.8511	-11.1843	8.5664	1.7951	-7.1002	9.4360	11.0531	3.4751	-0.4496	6.1519	-10.5383	-6.5372	1.1739	-6.1424
13.1462	-9.6633	5.7232	-2.8997	0.1349	-3.3368	-10.9977	-5.6119	-7.3899	6.0642	-5.4875	9.7828	-11.8956	9.5944	2.6577	-7.6011	10.4940	12.2426	4.8274	-1.5429	7.5761	-11.7748	-7.8745	1.7907	-7.5107
15.0489	-11.0701	7.0179	-3.5437	-0.4395	-4.7078	-12.1134	-6.8775	-8.2272	6.4085	-6.0065	11.3795	-13.4549	10.7845	3.8536	-8.2048	11.6097	13.5553	5.6810	-2.4351	9.1291	-13.2079	-9.1624	1.8523	-8.6279
16.7967	-12.5298	8.5762	-4.4696	-1.0745	-5.6728	-13.1085	-8.1443	-8.7728	7.0627	-6.9465	12.4407	-14.8020	11.8770	4.6382	-8.6781	12.6972	15.4205	6.4021	-3.1983	10.5714	-14.5072	-10.6349	1.8271	-10.0216
-1.2642	0.4504	-2.7873	-1.3935	1.5473	0.9988	-0.2992	1.8846	-2.6693	-2.6533	0.7201	1.2326	1.8494	2.1966	-0.0243	1.6895	-0.5684	-3.1077	-0.6578	1.7689	-3.0169	2.3049	-1.8911	-1.4471	-1.9041
0.4341	-1.1864	-1.1434	-1.9867	1.7931	-0.5111	-1.5877	1.1282	-3.6804	-2.3669	0.2097	2.6861	0.0408	3.3213	0.4292	1.4120	0.3685	-1.3575	-0.1517	0.9548	-1.3687	1.0927	-3.8009	-1.0779	-3.3397
2.4358	-2.9206	0.1450	-2.6423	2.0195	-1.3616	-2.4903	0.4582	-4.4683	-1.8259	-0.4295	4.1074	-1.4353	4.6457	0.5010	0.9734	1.8499	0.4126	0.0741	-0.4279	-0.0937	-0.8044	-5.1153	-0.8459	-4.3256
4.1509	-4.9256	1.7741	-3.5517	1.9077	-2.0511	-3.8962	-0.3992	-5.7518	-1.1816	-1.2205	5.5969	-2.7175	5.8002	0.8892	-0.3127	3.4312	2.1081	0.7233	-1.3889	0.5578	-2.4361	-6.4470	-0.4723	-5.4045
5.8763	-6.7331	3.3206	-4.6713	1.1710	-2.8132	-5.3164	-0.9626	-6.4466	-0.3669	-1.8838	7.0477	-4.0589	6.9728	1.5898	-1.3823	5.3038	3.9683	1.6496	-2.4857	1.7954	-3.5451	-7.6188	-0.0450	-6.3746
7.4309	-8.1810	4.7000	-5.4778	0.5033	-3.4763	-6.8926	-1.1680	-7.3736	0.2905	-2.2307	8.5850	-5.6444	8.1455	2.6091	-1.8938	7.1496	5.7517	2.8176	-3.5578	3.2371	-4.8222	-8.8226	0.0536	-7.4079
9.0268	-9.4400	6.1094	-5.6796	0.6361	-4.3973	-8.1084	-1.6199	-8.2778	0.6251	-2.3482	9.7756	-6.9815	8.7593	2.9529	-2.0274	8.5626	7.1595	3.0571	-4.4449	4.6119	-5.8111	-10.3678	-0.4087	-8.3812
10.5434	-11.2128	7.3292	-5.9662	1.2658	-4.8546	-9.3537	-2.1511	-9.5284	0.9104	-3.2528	11.2189	-8.0696	9.1321	2.9918	-2.2597	9.1442	9.1150	2.7994	-4.7951	5.9349	-7.4850	-11.2347	-0.6140	-9.9476
12.2740	-12.7875	8.7959	-6.6245	1.7276	-5.4357	-10.8843	-2.7709	-11.0503	1.5179	-4.2585	12.4178	-9.9513	9.9839	2.9378	-2.2491	9.9532	10.3057	2.7055	-5.3499	7.7289	-8.1074	-12.4111	-0.6707	-11.3691
13.6735	-14.0581	10.2868	-7.5314	1.7667	-6.4216	-11.9732	-3.8294	-11.8759	2.1073	-4.9855	13.8189	-11.3544	11.3884	3.3689	-2.8089	11.0104	12.1631	3.3976	-6.3738	8.9796	-9.3991	-14.0197	-0.5484	-12.8642
-2.8898	2.7648	1.2944	-0.5673	-1.8578	-1.0251	-0.9349	-0.0195	1.2989	1.1697	-1.3535	-0.8386	0.7628	0.9052	0.2047	3.0288	0.8499	-2.1777	2.4470	-2.4641	0.2376	0.1644	0.6554	2.7891	0.9528
-1.2909	0.6399	3.0495	-1.0044	-1.8686	-2.1808	-2.6036	-0.9770	0.3164	1.7107	-1.6468	0.6672	-0.4514	1.9454	0.8729	2.1420	1.8548	-0.0122	3.7308	-3.1634	1.1725	-1.0891	-0.9181	3.0124	-0.3975
0.1456	-1.0939	4.0522	-1.5569	-2.0096	-3.2029	-3.8360	-1.8112	-0.6980	2.7373	-2.3670	2.2106	-1.5126	3.2010	1.1832	1.1256	3.4059	1.5942	4.4907	-3.6616	2.5419	-2.9148	-2.6372	3.2900	-1.4435
2.1608	-2.8993	5.3437	-2.2664	-2.4066	-4.2254	-5.0823	-3.1573	-1.8967	3.0412	-3.4629	3.2198	-3.1041	4.0644	2.1112	1.0388	4.5941	3.4133	5.4599	-4.4609	3.1938	-4.7285	-4.2966	3.0075	-2.9540
3.3642	-4.6516	6.6424	-2.9888	-2.6550	-5.1671	-6.4852	-4.3191	-2.6213	3.4630	-4.0952	5.0723	-4.7077	5.4588	2.6668	1.0054	5.6729	5.2899	6.0338	-5.4098	4.3383	-6.0073	-5.4746	2.6599	-4.7488
5.4770	-5.4115	8.2258	-4.1602	-2.0491	-5.5705	-7.8818	-5.0104	-3.5024	4.2978	-4.6823	6.1163	-5.9593	5.9055	3.0848	0.9674	6.7273	6.5230	6.2782	-6.2489	5.8432	-7.8408	-6.7175	1.8381	-6.0602
6.6922	-7.1826	9.4775	-5.2147	-1.2941	-6.6785	-8.8422	-6.1208	-4.5269	5.3185	-5.2556	6.9527	-7.4568	6.3328	4.1594	-0.1257	8.3619	7.9978	6.7743	-7.1922	6.6312	-9.0039	-7.9455	2.1462	-7.8859
8.2787	-8.8225	10.6499	-5.9924	-0.7847	-7.6329	-10.2325	-7.1839	-5.2947	5.6761	-6.0175	8.5140	-8.8575	7.1670	5.0745	-0.8302	9.9703	9.8230	7.6866	-7.7297	7.5269	-10.3254	-9.2791	2.8469	-9.4518
10.3529	-10.0464	11.6650	-6.2135	-0.5972	-8.9464	-11.4429	-8.2573	-6.1756	6.1098	-6.0977	10.3072	-10.0150	8.0804	5.6483	-1.8244	11.4904	11.0063	8.6244	-8.6734	9.0691	-11.9290	-10.5671	3.5258	-10.9698
11.7350	-11.7248	12.2293	-7.3136	-1.3840	-9.0280	-12.3508	-8.3708	-7.5170	6.0498	-6.5806	11.4413	-11.4061	8.6809	5.9875	-2.3382	12.3919	12.2859	9.8711	-8.8363	10.8511	-13.5394	-12.0465	4.4425	-11.9480
