1.3354	-0.788	-1.6915	1.7293	-0.35951	1.3738	2.9639	2.2151	-1.2227	2.7878	2.7705	-0.25668	1.7757	-0.40552	0.27002	0.99734	0.24334	-2.8945	-1.5906	0.88918	-2.0383	2.2347	-0.42643	2.8338	0.71106
0.24723	-0.061003	-0.94285	2.4011	0.51747	1.4518	2.2523	3.6022	0.25614	2.7256	0.86788	-1.9773	1.184	-0.072826	1.7401	2.8456	0.46788	-1.6984	-3.2115	1.6719	-1.2835	3.6343	0.82829	3.5716	-0.44449
-0.22287	0.65179	-0.077055	3.0258	1.0228	1.5232	1.9711	4.844	1.1654	2.5634	-0.68221	-3.7845	1.0097	0.13061	3.3214	4.6633	0.79165	-0.43325	-4.8624	2.154	-0.77019	4.7146	1.9902	4.2323	-2.3624
-0.8476	1.241	0.70593	3.7811	1.7347	1.7327	1.7074	6.5283	1.7418	2.3424	-2.267	-5.3308	0.76484	0.23941	5.2807	6.3646	1.1805	0.86144	-6.1415	2.2756	0.11654	5.9693	3.2833	5.1453	-3.491
-2.0083	1.4929	1.3077	4.5867	2.3208	1.8252	1.5037	8.037	2.2305	2.1607	-4.3049	-7.0898	0.58237	0.26456	6.9466	7.8911	1.6802	1.87	-6.9068	2.3137	0.84637	7.0912	4.3025	6.3148	-5.1718
-3.1968	1.5359	1.7171	5.2735	2.8075	1.739	1.478	9.4945	2.8461	1.9742	-5.656	-8.4743	0.65665	0.45521	8.6545	9.1285	2.2603	2.6204	-7.7375	2.4799	1.655	8.1129	5.7044	7.264	-6.6389
0.80476	2.2629	2.6214	0.3261	2.0075	-0.27011	2.9514	-3.1032	-2.5538	2.4741	2.2967	-0.59577	-1.1062	-1.6763	-1.6419	2.8672	0.75198	-2.781	1.2845	-1.4733	-2.2829	0.92864	-0.21142	-1.6181	2.81
-0.05225	2.8037	2.6241	1.5545	2.8118	-0.12346	2.6943	-1.7745	-1.244	2.4681	0.96854	-1.6363	-1.39	-1.5391	-0.56038	4.01	1.4501	-2.1956	-0.071925	-1.3899	-1.2561	1.9345	1.1842	-0.96813	1.2124
-0.90321	3.7805	2.4512	2.6626	3.8995	0.1046	2.2906	-0.29577	-0.13169	2.5067	-0.42737	-3.3674	-1.605	-1.4921	0.32843	5.5469	1.8453	-1.5267	-1.2708	-1.0939	-0.56457	3.1571	2.3196	-0.45183	-0.27848
-2.0132	4.6809	2.3206	3.8148	4.9487	0.15652	1.7375	0.99934	0.81233	2.6753	-1.9021	-4.4566	-1.79	-1.5691	1.2145	6.9305	2.0085	-0.49522	-2.1042	-0.43611	0.41475	3.9241	3.4458	0.38201	-1.8615
-2.9148	4.8265	2.3394	4.7144	5.3871	0.31394	1.5422	2.6917	2.0766	2.9078	-3.5883	-5.8296	-2.1629	-1.7582	2.4487	8.8694	2.3072	0.84062	-3.1244	0.4872	1.3351	4.8197	4.2554	1.162	-3.336
-3.8071	5.0102	2.5746	5.5	6.0819	0.70534	1.6053	3.7622	3.3088	3.0859	-4.9986	-7.5992	-2.4261	-2.0285	3.5437	10.325	2.9594	2.1878	-4.5269	1.4487	2.0437	5.955	5.0688	1.7339	-4.7761
-0.15534	-0.31183	1.7549	-0.07765	-2.3796	1.9206	-1.9557	-0.37904	0.046714	0.0049094	0.7861	2.6759	-3.0862	3.0338	-1.8975	-0.90792	3.05	-0.10536	-2.0852	2.8801	2.9937	-1.2278	1.0447	-2.1664	-0.44619
-1.2952	0.0076849	1.8553	0.91118	-1.706	1.937	-2.2504	0.93114	0.87305	0.65458	-0.77744	1.0518	-3.1324	2.8452	-0.25803	0.70989	3.6144	0.9203	-3.4901	3.8427	3.9028	-0.037209	2.0003	-1.7153	-1.6738
-2.451	0.91069	2.1893	2.0379	-1.4415	2.3014	-2.5937	2.2723	2.0353	1.3805	-2.6175	-0.093592	-3.1993	2.7304	1.2326	2.3047	4.0604	2.0439	-4.5333	4.5926	5.0631	1.0799	3.1481	-0.94988	-3.2587
-3.0237	1.9095	2.7422	3.2628	-1.0933	2.6427	-2.849	3.3523	3.2112	2.072	-4.0361	-1.5755	-3.3647	2.6062	2.9153	3.5224	4.3655	3.1166	-5.0541	5.087	5.9913	2.0932	4.0688	-0.34914	-4.7464
-3.454	2.3012	3.3367	4.2408	-0.34049	2.9341	-2.7736	4.3368	4.0711	2.6393	-5.5994	-3.2167	-3.4402	2.5609	4.2779	4.7287	4.7224	3.9908	-5.7262	5.513	6.679	3.3921	5.1	0.17624	-6.1787
-4.4655	2.879	3.8989	5.1564	0.37098	3.4094	-2.3324	5.4898	4.9127	3.1016	-7.4564	-4.6695	-3.7044	2.5038	5.5717	6.1186	5.2021	4.8071	-7.0795	5.9885	7.6077	4.3056	6.2858	1.0342	-7.9068
0.2815	-1.7518	2.7964	-0.22241	-0.20251	-2.6625	-1.325	2.0663	0.62961	-1.2394	-2.2658	-0.8047	-0.74865	2.8781	2.3986	-1.8662	-2.5881	-0.26316	-2.3728	1.926	-2.2373	-1.6881	1.2996	1.7504	1.1818
-0.54522	-1.2339	2.9284	1.0264	0.72632	-2.4624	-1.8744	3.4658	1.9943	-1.518	-3.9309	-2.4317	-1.2315	3.1215	3.8093	-0.60833	-2.0624	0.43668	-3.3883	2.9705	-1.43	-0.86085	2.7627	2.8994	-0.27159
-1.7641	-0.86613	3.3686	2.3128	1.4505	-2.2927	-2.1195	4.7108	3.5771	-1.9595	-5.0752	-4.1111	-1.6023	3.603	5.3027	1.1192	-1.5683	1.3901	-4.5649	4.1426	-0.96652	-0.18493	3.9087	3.7955	-1.8968
-2.5742	-0.4838	3.995	3.6543	2.7312	-2.3135	-2.0893	5.7349	4.7958	-2.226	-6.8828	-5.7352	-1.6089	3.8612	6.4774	2.4924	-0.95512	2.6911	-5.844	5.0055	-0.18942	0.70362	4.976	4.4913	-3.2676
-3.1359	-0.07375	4.5993	4.6872	3.6047	-2.2797	-1.9723	6.6758	5.7121	-2.1154	-8.4153	-7.368	-1.7845	3.8779	7.7763	4.2532	-0.26061	4.1345	-7.6328	5.6135	0.35474	1.2047	5.6882	5.2526	-4.8061
-4.076	0.23976	5.1771	5.6492	4.3736	-1.8973	-1.6814	7.9638	6.7934	-1.836	-9.5745	-8.7816	-2.3671	3.7339	8.9946	5.6975	0.44881	5.4298	-8.9151	6.1587	0.89243	1.8935	6.3513	5.753	-6.4707
-2.3967	1.0467	0.10736	-2.8257	2.5681	2.461	-2.4069	-0.47312	0.66352	-0.75168	-1.5581	1.7236	2.934	0.2334	1.7382	-2.2841	-1.1846	-1.8083	1.4524	2.1952	-0.006862	1.0641	-0.43902	-1.7237	-1.2664
-3.3383	1.6605	0.39225	-1.9705	3.3612	2.8917	-2.5694	0.97092	1.5596	-0.56636	-2.9767	0.15741	2.6474	0.47423	3.0143	-0.49916	-0.0069096	-0.57913	0.50177	2.9196	0.92641	1.6898	0.37562	-0.86532	-2.7133
-4.3945	2.1823	0.93759	-1.1322	3.7048	2.874	-3.2405	2.1821	2.3659	-0.32968	-4.5428	-1.1954	2.7029	1.0032	3.9956	1.3771	1.144	0.83615	-0.45395	3.2993	1.5834	2.2606	1.32	0.056003	-4.3023
-5.072	2.6093	1.6316	-0.0033944	4.0492	2.5672	-3.7437	3.4419	2.9989	0.14126	-5.7487	-2.7152	2.8297	1.4228	5.0105	2.8495	2.1806	2.2367	-1.6215	3.3261	2.5505	3.1201	2.0072	1.0936	-5.7877
-5.6516	3.2386	2.2828	1.2434	4.8069	2.5791	-3.7112	4.7659	3.6728	0.83736	-7.1571	-4.1885	2.8115	1.6272	6.2247	4.3605	3.1109	3.3042	-3.1261	3.5459	3.3011	3.6263	2.7484	2.3213	-7.2694
-6.8152	3.597	2.9299	2.4338	5.4388	2.9389	-3.4275	6.2026	4.5644	1.575	-8.9966	-5.2872	2.4958	1.7232	7.3296	5.5374	3.9252	4.1904	-3.9981	3.9773	3.9291	4.1629	3.7049	3.0956	-8.9826
3.1072	2.0091	-1.1729	2.7411	1.2695	2.2736	-2.4452	-1.6894	-0.15578	2.6251	0.6334	-1.543	-0.35661	-2.1095	0.55948	0.15203	1.5454	-2.2307	1.8686	-2.1117	-1.7649	-3.0192	1.6004	-0.53576	-0.61943
2.0178	2.5956	-0.78169	3.579	2.312	2.7147	-2.4481	-0.19546	1.2128	3.009	-1.2413	-3.3474	-0.33642	-2.7051	1.7762	1.5268	1.9046	-1.1769	0.39245	-1.5706	-0.87974	-1.6074	2.675	0.049748	-2.2211
1.3813	3.4228	-0.69375	4.3241	3.2451	3.1072	-2.7866	1.498	2.4769	3.3778	-2.7	-4.7354	-0.68482	-3.13	2.765	3.2222	2.3082	-0.2963	-1.1277	-0.99344	0.23934	-0.29595	3.9871	0.99012	-3.5862
0.45058	4.0732	-0.96556	5.1703	3.7625	3.1547	-3.3494	3.1608	3.3452	3.7275	-4.2503	-6.6231	-1.3327	-3.2288	3.7693	4.9913	2.8941	0.48135	-2.4596	-0.27868	1.2343	0.88193	4.9844	1.6774	-5.2056
-0.69825	4.5698	-1.2271	5.8379	4.6478	3.0502	-3.6223	4.5322	4.283	3.9979	-6.0825	-8.1596	-1.6463	-3.0284	5.1849	6.7738	3.6243	1.4063	-3.8009	0.73675	2.1696	1.9201	6.1196	2.3644	-6.6906
-1.5559	5.0254	-1.2257	6.2572	5.2754	2.9692	-3.6981	5.6706	5.1378	4.1865	-7.7517	-9.8953	-1.6245	-2.7022	6.4221	8.4414	4.4098	2.5971	-4.8863	1.9483	3.2657	3.3537	7.0347	3.0813	-8.2245
1.9547	-2.9208	1.1729	-1.5453	-1.1927	-0.10072	2.058	-0.40646	-1.1585	1.2875	0.24082	-2.315	1.6403	-0.55529	1.6303	-2.1301	1.0287	-2.5209	1.706	-2.9985	-1.3334	1.293	1.9606	1.3891	2.0405
1.0815	-2.623	1.1608	-0.1669	-0.31347	0.26239	1.5732	1.1089	0.22028	0.90543	-0.86803	-4.1791	1.321	-0.37859	2.8593	-0.23515	1.2512	-1.5549	0.2306	-2.2204	-0.37836	2.2251	2.65	1.9402	0.44673
0.18969	-1.5516	1.3086	1.0072	0.25051	0.36241	1.1357	1.9595	1.2092	0.78949	-2.0866	-5.7249	0.93538	-0.24449	4.1596	1.4374	1.6073	-0.24784	-0.93197	-1.2189	0.96209	2.632	3.5532	2.0551	-0.55019
-0.75962	-0.78053	1.5069	1.8002	0.45551	0.35631	0.83612	3.0136	1.8386	0.88724	-3.4867	-7.4315	0.33063	-0.30647	5.7468	3.1933	2.0843	1.0097	-1.8509	0.0016871	1.914	3.1701	4.4171	2.3702	-2.2405
-1.5685	-0.31817	1.6862	2.6109	0.97101	0.5594	0.86827	4.2585	2.5705	1.05	-4.9827	-9.1936	0.19843	-0.44484	7.1605	4.4848	2.7158	1.9688	-3.2664	0.98482	3.0447	3.8327	5.5752	3.1596	-3.8273
-2.5853	0.59611	1.8496	3.456	1.658	0.8632	0.8774	5.4378	3.5365	1.2251	-5.9122	-10.69	0.50976	-0.44687	8.828	6.1081	3.4345	2.7056	-4.9727	1.755	3.7804	4.2599	7.0855	3.7784	-4.798
2.4425	-0.98159	-0.17082	1.0864	-2.448	-2.2781	2.1287	-0.66599	2.075	-3.0048	2.9803	-2.4736	1.3555	2.8666	2.1101	-0.64041	1.7686	-0.17883	-1.0907	-1.643	-2.0831	-2.2579	0.20378	-3.0953	-2.6893
1.472	-0.56513	0.2763	2.2879	-2.0749	-2.503	1.8459	0.78958	2.946	-3.024	1.5086	-3.9239	1.685	2.6048	3.2972	0.80217	2.3996	0.81651	-2.4844	-0.71094	-1.7112	-1.5506	1.5732	-2.2694	-4.1519
0.66433	0.44908	0.89114	3.342	-1.3394	-3.0064	1.5003	2.5683	3.6353	-3.1571	0.088311	-5.1946	1.5206	2.1566	4.4641	2.1806	3.0715	1.7052	-4.0751	0.32678	-1.0827	-0.59541	2.7515	-1.7315	-5.4889
-0.33232	1.1932	1.5998	4.5816	-0.18436	-3.2522	1.266	3.9111	4.5775	-3.278	-1.0484	-6.6897	0.6111	1.657	5.8302	3.5094	3.7967	2.4861	-5.3011	1.2538	-0.28168	0.3535	4.0128	-1.0244	-7.2771
-1.3619	1.4763	2.1188	5.8218	0.58991	-3.1619	0.94609	5.379	5.7085	-3.3823	-2.6647	-7.9866	-0.017684	1.3132	6.9179	5.2023	4.7084	3.237	-6.5405	1.8748	0.209	0.9825	5.0736	-0.49259	-8.441
-2.1223	1.9636	2.2729	6.9766	1.5524	-3.0561	0.60893	6.5962	6.7568	-3.5775	-4.1788	-9.2425	0.036664	1.1863	8.0782	7.0493	5.781	4.0356	-8.0463	2.3392	0.88522	1.8754	6.246	0.12575	-9.8612
2.2107	0.64703	-0.65453	1.426	-2.9384	0.24114	0.20536	-2.669	3.046	-2.9411	1.0802	-0.57397	-0.90739	-1.5258	-1.2959	-1.4134	-1.5843	-1.2321	1.5322	-1.7344	0.066042	0.72317	-1.4996	2.5784	-2.6592
1.2715	1.1428	-0.6708	2.779	-2.1436	0.10311	-0.5047	-1.5466	4.4883	-2.623	-0.6689	-1.8517	-1.1762	-1.3421	0.10179	0.46274	-1.057	0.10784	-0.15358	-0.34445	0.91695	1.7417	-0.45623	3.243	-4.2574
-0.042454	1.4254	-0.4056	4.3089	-1.0846	0.19094	-0.55276	-0.29049	5.8393	-2.0878	-1.7004	-3.3101	-1.4651	-1.0309	1.3128	1.9149	-0.33895	1.1101	-1.2819	0.70303	2.1	3.1518	0.27808	3.7488	-5.4781
-0.66397	1.868	0.075044	5.8756	-0.18652	0.26112	-0.35491	0.6417	6.7765	-1.3363	-2.7946	-4.6834	-1.8498	-0.91487	2.3998	3.857	0.46979	2.0424	-2.4166	1.5841	3.1058	4.2377	1.1613	4.0655	-7.2699
-1.2673	2.9253	0.61386	6.9591	0.19734	0.2952	-0.29708	1.7807	7.5792	-0.62621	-4.4068	-6.2067	-2.2803	-1.0903	3.6782	5.4497	1.2948	3.0541	-3.7134	2.5305	4.0912	5.6117	2.2989	4.8488	-8.5548
-2.4596	3.5565	1.1472	7.9687	0.76349	0.29527	-0.49832	3.0208	8.7094	-0.10128	-5.5388	-7.4981	-2.3335	-1.5194	4.8289	7.3161	2.1367	4.187	-4.9468	3.6884	5.3011	6.7011	3.2663	5.7592	-10.194
-0.03363	-2.9576	0.2128	-0.82629	-2.0227	-1.6141	0.43495	-2.724	-1.8728	2.1292	1.4067	1.6449	-1.111	1.3761	-1.8051	-1.2866	-1.1547	-1.9222	-1.4453	-2.7503	-0.49857	2.1839	-0.93465	2.6713	1.0583
-1.1686	-2.0795	-0.13562	-0.070188	-1.0637	-1.0974	-0.26429	-1.2374	-0.62352	1.807	-0.39809	-0.067948	-1.1558	0.82757	-0.4456	0.37654	-0.76892	-0.62048	-2.2291	-1.5917	0.40689	3.1485	0.45311	3.419	-0.52472
-1.7382	-1.3701	0.00048466	0.55421	-0.42507	-0.79302	-0.74805	0.13768	0.28448	1.2116	-1.6939	-1.6857	-1.0997	-0.054716	0.66176	1.8504	-0.13421	0.35557	-2.7582	-0.52192	0.9222	4.599	1.4879	4.3957	-1.9803
-2.4882	-1.0654	0.31776	1.2551	0.0080719	-0.68466	-0.73518	1.5769	1.0435	0.76087	-2.9018	-3.371	-1.359	-0.76114	1.8935	3.6761	0.59642	1.1499	-3.6225	0.24059	1.6173	5.7073	2.584	5.021	-3.3347
-3.6637	-0.48586	0.66479	2.0821	0.77572	-0.51843	-0.4858	2.7202	2.0795	0.61567	-4.874	-4.9935	-1.8342	-1.144	3.0757	5.4381	1.3981	1.8562	-4.8415	0.90306	2.2408	6.9612	3.6298	5.7334	-5.0394
-4.7329	0.14752	0.91087	2.7836	1.3734	-0.36952	-0.31536	3.6614	3.1168	0.60946	-6.1665	-6.38	-2.1146	-1.1843	3.9266	7.3717	2.2187	2.4355	-6.1639	1.5412	2.6684	7.7965	5.1721	6.6163	-6.2799
0.40894	-2.0671	-0.063041	2.7963	1.1342	2.3109	2.9755	-0.42453	1.7963	0.61477	0.97	-2.755	-0.90279	-0.24329	-1.0128	-2.8916	-0.62315	2.1634	-0.27337	1.8917	-0.76877	0.36687	-0.60962	1.5132	1.832
-0.35281	-1.0227	0.4051	3.4267	1.6042	2.2756	2.2836	1.0401	2.1299	0.7941	-0.29918	-4.3975	-0.77952	-0.48631	0.5092	-0.96254	0.079686	3.4992	-1.3776	2.8467	0.53483	1.7036	0.83163	2.297	0.50955
-1.0167	-0.47482	1.0542	4.2156	2.0704	2.2031	1.7895	2.3493	2.6191	0.94412	-1.5089	-5.7482	-0.59075	-0.65253	1.8441	0.71927	0.95813	4.8688	-2.433	3.553	1.7942	2.4803	1.8647	2.5418	-0.77157
-2.246	-0.27287	1.7392	4.8973	3.2143	2.2489	1.8618	3.7007	3.5258	1.0898	-3.0447	-7.4539	-1.055	-0.89049	3.3834	2.6298	1.8711	6.3788	-3.4402	4.3491	2.8044	3.3113	2.9257	2.9427	-2.6682
-3.2178	0.24533	2.3783	5.4153	4.124	2.3102	2.032	4.7956	4.411	1.2901	-4.381	-9.221	-1.8825	-1.2577	4.641	3.9755	2.8378	7.7245	-4.6146	5.2347	3.888	4.1597	3.687	3.6339	-3.6967
-3.7692	0.96924	2.954	6.0654	4.8242	2.3161	1.7326	6.2894	5.1236	1.5613	-5.6473	-10.652	-2.1187	-1.7043	5.852	5.4676	3.808	8.802	-5.5166	6.2679	4.5818	4.744	4.5415	4.1484	-5.1421
0.95803	3.0513	3.0321	-0.32859	3.0166	2.1722	-2.9162	-0.47873	2.8765	1.9408	-1.2591	-1.7208	-2.0184	-0.70867	-1.5984	-0.01311	-0.58207	1.8517	0.39927	0.8555	-2.3253	-0.4846	-0.5504	-1.6676	-1.0361
-0.08975	4.1529	3.2255	0.70239	3.9457	2.4494	-3.1222	1.0247	4.4052	2.0796	-2.7599	-2.7397	-2.2221	-0.98368	-0.076486	1.4013	-0.37288	3.1944	-1.0669	2.2611	-1.4384	-0.0036266	0.46573	-1.1652	-2.0163
-1.0048	4.5899	3.3647	1.5557	4.6463	2.7008	-3.4717	2.3988	5.8013	2.3416	-4.0224	-4.4575	-2.668	-1.3936	1.192	3.0906	-0.11712	4.1485	-2.8047	3.5333	-0.54433	0.8264	1.8935	-0.64031	-3.6402
-2.0057	4.7784	3.3523	2.6619	5.1716	2.7479	-3.7163	3.7507	6.6499	2.7162	-5.2864	-5.6004	-3.2575	-1.8796	2.7368	4.3113	0.27746	4.8859	-4.0068	4.4392	0.55177	1.6284	2.9996	0.20269	-5.1793
-2.7659	5.3829	3.2879	3.7776	5.6754	2.7963	-4.0398	4.8494	7.5951	3.0971	-6.8667	-6.8566	-3.4078	-2.3361	4.3732	5.9231	0.75038	5.7246	-5.1624	5.2983	1.2831	2.2751	4.0304	0.89099	-6.5556
-3.5726	5.9035	3.2495	4.5664	6.0478	2.8619	-4.6928	6.1842	8.696	3.36	-8.284	-8.4939	-3.1397	-2.7395	5.8643	7.6064	1.3102	6.8929	-6.4157	6.4077	2.1909	3.2145	4.9839	1.6631	-8.1863
0.66987	0.00083653	2.0022	-1.6462	-0.86973	-0.24385	1.519	1.03	-2.4783	-2.5176	1.0099	1.1369	1.0509	-0.23689	2.8005	0.80414	-2.9901	-3.0311	-2.8061	1.6887	0.5619	-0.53019	1.9923	2.009	-0.3487
-0.11511	0.586	2.4353	-0.57419	-0.012334	-0.1057	1.4614	2.6852	-1.5256	-2.1634	-0.33847	-0.35256	0.55071	-0.084725	3.9039	2.2621	-2.475	-2.3012	-4.2759	2.1708	1.3363	0.74404	3.0933	2.1644	-1.7136
-1.2615	1.0945	2.9848	0.32843	0.61145	-0.14207	1.7656	4.4222	-0.66802	-1.7502	-2.3223	-1.6924	-0.22365	-0.18341	5.1634	3.6535	-1.8682	-1.4799	-5.9623	2.6057	2.1116	1.8831	4.2039	2.7534	-3.3631
-2.2537	1.3469	3.6568	1.2255	1.4189	-0.011143	1.7123	5.8267	-0.076917	-1.3735	-3.9117	-3.1367	-0.53977	-0.39576	6.2056	4.9073	-1.1209	-0.43404	-7.2817	3.0215	3.1915	3.2794	4.937	3.5926	-4.8824
-3.0724	1.4633	4.4383	2.2918	2.0959	0.2247	1.1767	6.8226	0.58995	-1.1208	-5.3488	-4.4866	-0.27912	-0.48046	7.4322	6.1913	-0.30277	0.76548	-7.9972	3.342	3.9848	4.263	5.8111	4.2844	-6.3459
-4.0992	1.7881	5.2795	3.2022	2.9749	0.35789	0.73688	8.1388	1.4553	-0.93009	-7.2114	-6.1474	-0.090721	-0.30857	8.7604	7.3446	0.55174	1.7193	-8.7671	3.6954	5.0362	5.488	6.5269	5.2786	-7.9857
3.0231	0.40466	2.7539	-1.2305	2.1717	0.052559	3.0292	-1.0566	-0.51386	2.2499	-0.10042	3.0889	0.69887	-1.1961	1.3545	-2.1245	-1.8218	-2.1163	-1.1314	0.78095	-2.7488	-1.8532	0.94786	-1.6559	-2.0855
1.9355	0.69729	2.7495	-0.14503	3.0082	0.047438	2.8842	0.37326	0.29603	2.3116	-1.7958	1.6558	0.83978	-0.92946	2.8678	-0.62929	-0.90868	-1.107	-1.9202	1.5774	-1.7061	-0.93708	2.2564	-1.0399	-2.9765
1.18	1.3737	2.6731	1.2283	3.4683	0.2955	2.2535	1.9325	1.0144	2.1263	-3.7184	0.06532	0.89109	-0.42706	4.2108	0.87489	0.049328	0.27419	-3.0053	2.0806	-0.37078	0.34565	3.4245	-0.10302	-4.7982
0.35859	1.726	2.532	2.3095	4.1217	0.6578	1.7447	2.8945	1.4316	1.9734	-5.2633	-1.3848	0.44394	0.017378	5.8437	2.4714	0.96315	1.8235	-4.7805	2.2746	0.59548	1.3104	4.2258	0.5964	-6.0561
-0.64936	1.6876	2.3519	3.2198	5.2051	0.80472	1.5779	3.831	1.7912	1.9688	-6.4525	-3.0816	-0.050805	0.10357	7.415	3.6536	1.713	2.821	-6.0669	2.5177	1.624	2.3783	5.5053	1.3971	-7.3906
-1.5013	1.9476	2.1463	4.1661	5.8165	0.99666	1.7034	5.1732	2.5183	1.9787	-8.2371	-4.6109	-0.31063	-0.0048635	9.0489	5.1476	2.3527	3.5673	-7.2591	2.8787	2.5423	2.9959	7.0014	2.1715	-9.1957
-1.5002	-1.4917	1.548	-2.3576	-0.27354	0.56638	2.1503	2.3012	1.3634	2.1789	-2.2703	-2.2972	-1.4856	-1.5251	-2.2957	2.2829	0.514	2.7701	-0.015649	1.3368	-2.7532	-2.8557	2.7016	-3.1006	-0.6971
-2.5355	-1.012	1.712	-1.3385	0.083383	0.9176	1.9303	3.5544	2.3885	2.1796	-3.9496	-3.5435	-1.8967	-1.614	-1.3977	3.9165	1.2914	3.744	-1.4633	2.4821	-2.2263	-2.2863	3.6213	-2.4943	-2.5787
-3.567	-1.0137	2.0774	-0.31925	0.8247	1.302	2.1265	4.4705	3.5369	2.1212	-5.0174	-4.6442	-2.0813	-1.8851	-0.6197	5.3079	2.2117	4.8257	-2.8016	3.5912	-1.7636	-1.7854	4.3766	-1.9077	-3.5347
-4.3556	-0.77983	2.469	1.0219	1.8669	1.4459	2.2044	5.4258	4.3856	2.087	-6.0523	-6.314	-2.1565	-2.1896	0.41706	6.9614	3.3191	6.0216	-4.1394	4.6799	-0.91453	-0.85245	5.5373	-0.91992	-5.0705
-5.378	-0.13622	2.6912	2.2605	2.5433	1.285	1.7351	7.0109	5.1877	2.2195	-7.5521	-7.519	-2.3279	-2.4018	1.4639	8.3935	4.4525	7.3726	-5.5835	5.8875	-0.19418	-0.0094372	6.7946	-0.0088147	-6.6578
-6.3207	0.16337	2.6401	3.2979	3.4176	1.2913	1.0395	8.1597	6.0491	2.4627	-8.8334	-8.9128	-2.7731	-2.5186	2.3853	9.9618	5.5193	8.5152	-6.7692	7.0072	0.44513	0.84521	8.1288	0.70299	-7.863
-0.20018	-1.3522	2.2173	-0.27538	-1.8706	2.098	-3.1259	2.2166	-0.19411	1.4459	0.39592	-2.9517	2.3415	-0.38684	1.3517	-2.7236	2.7771	1.7802	2.83	-0.79547	0.44569	-3.0183	-0.092858	-1.8903	-0.85064
-1.1126	-0.78957	2.1295	0.67692	-0.8722	2.3278	-3.2416	3.2142	0.82959	1.5024	-1.2462	-4.6434	2.0537	-0.53973	2.7323	-1.2915	3.1743	3.138	1.5657	-0.051796	1.3184	-2.1414	1.1102	-1.3892	-2.4523
-2.023	0.04631	2.275	1.6849	-0.24952	2.6191	-3.3983	4.3137	1.9635	1.6949	-3.0559	-6.1171	1.8607	-0.75834	4.2007	0.19293	3.5004	4.2711	0.7781	0.76575	1.8953	-0.94619	2.321	-0.44505	-3.8028
-3.1477	0.79908	2.7311	2.8421	0.56754	2.7048	-3.7546	5.5434	3.468	2.096	-4.7164	-7.5005	1.3443	-0.95295	5.3927	1.8088	3.852	5.4036	-0.077634	1.6164	2.4794	0.2003	3.1743	0.5054	-5.4945
-4.0254	0.93035	3.2665	3.8013	1.2168	2.6682	-4.2076	6.89	4.6976	2.6113	-6.0644	-9.0289	0.79715	-1.0051	6.8241	3.1369	4.3891	6.8181	-0.8683	2.1922	3.3532	1.3138	3.9179	1.6396	-6.8624
-4.8054	1.0628	3.7865	4.7639	1.9283	2.6686	-4.4098	8.3534	5.7541	3.1138	-7.8956	-10.275	0.76795	-0.83436	8.346	4.6967	5.0388	8.1587	-1.8625	2.56	3.8885	2.6973	4.7773	2.793	-8.5179
-0.85289	0.23512	1.6793	2.4453	-2.995	0.54834	-3.0376	-2.8481	-0.74737	1.1201	0.11464	2.7267	2.8668	1.9833	-0.54365	-2.642	-3.1232	0.26401	0.70018	2.2737	-0.90354	2.1804	-0.30132	1.6087	2.0775
-2.01	1.1241	1.4915	3.5525	-2.6791	0.86926	-3.3795	-1.1516	0.19903	1.4364	-1.0321	1.0829	2.5132	1.6594	0.57967	-1.0266	-2.2454	1.5139	-0.33597	2.6212	0.26934	2.7582	1.1718	2.0686	1.0109
-3.1134	1.5806	1.5276	4.4606	-2.2133	1.2518	-3.6113	0.44359	1.3274	1.5732	-2.5588	-0.5105	2.2591	1.6584	1.9059	0.52693	-1.3384	2.4232	-1.532	2.8191	1.3148	3.2116	2.3686	2.1797	-0.4632
-3.8424	2.4047	1.807	5.2657	-1.7711	1.7243	-3.802	2.1614	2.4128	1.651	-3.9623	-2.4494	2.4218	1.7919	3.083	2.4788	-0.48422	3.0826	-3.3012	3.0736	2.4366	3.8728	3.1887	2.6593	-2.1701
-4.5357	2.9063	2.1994	6.2688	-1.5553	2.2769	-3.8298	3.2246	3.2127	1.7623	-5.0938	-3.8851	2.507	1.9405	4.0338	3.8607	0.20191	3.7403	-4.5189	3.4906	3.4067	4.2155	3.7844	3.2621	-3.5921
-5.5252	2.9396	2.6119	7.4256	-1.0023	2.5491	-3.962	4.1784	4.0194	1.9438	-6.1868	-5.4773	2.2595	1.9453	5.0887	5.4336	0.87257	4.4136	-5.4677	3.9263	4.1141	4.7143	4.6328	3.801	-4.8674
-0.090761	0.40521	-1.6042	2.6661	-0.20455	0.91096	2.7009	-0.95522	-0.90284	1.6216	-2.3051	0.36034	-0.8045	-0.31995	-0.2097	-2.0106	-0.92626	2.0875	-3.0577	0.94545	3.0299	-1.4521	1.0599	-2.513	1.7221
-0.74689	0.98366	-1.0268	4.0502	0.59877	1.3529	1.9618	0.60376	0.15159	1.6062	-3.9118	-1.219	-0.74871	-0.2709	1.0413	-0.53043	-0.25048	3.2026	-4.2823	2.0495	4.3538	-0.49877	2.4392	-1.679	0.058233
-1.6482	1.1842	-0.49834	5.563	0.98298	1.5779	1.4455	1.8362	0.92511	1.3287	-5.6617	-2.7425	-0.66285	-0.32875	2.4232	1.0467	0.48948	4.3099	-5.523	2.751	5.3885	0.15535	3.5534	-0.92424	-1.4201
-2.7093	1.3326	0.011333	6.8676	1.7361	1.6766	1.4832	2.886	1.828	0.97456	-7.3031	-4.4352	-0.87197	-0.43697	3.9726	2.0988	1.204	5.7817	-6.8699	3.288	6.4864	1.1193	5.1573	0.019898	-2.6991
-3.7989	1.8075	0.57957	8.2289	2.6636	1.6008	1.7325	4.0533	2.8147	0.96764	-9.0805	-6.1386	-1.2979	-0.46572	5.2532	3.6265	1.9372	7.2968	-8.0216	3.4793	7.5617	1.8229	6.6062	1.0372	-4.5071
-4.6215	2.4539	1.1983	9.2746	3.2073	1.5801	1.721	5.1644	3.6569	1.1628	-10.819	-7.6782	-1.6048	-0.36925	6.818	4.9377	2.6694	8.4674	-9.5327	3.3564	8.4247	2.5885	7.9422	1.6915	-5.713
-3.0948	0.70739	-1.4064	-0.57674	3.0392	2.2858	2.7318	-1.24	-0.63461	0.38726	-2.3805	-1.5208	2.2277	-2.0199	2.8015	2.3798	1.2653	-0.48151	0.76779	2.8043	-0.3492	3.0884	2.1234	-0.074307	2.6138
-4.074	1.4658	-1.1986	0.29709	3.5532	2.252	2.2057	0.40548	0.31165	0.29002	-4.0522	-3.0328	2.5719	-2.8274	4.3005	4.1857	1.303	0.71995	-0.064178	3.1323	0.28661	4.5172	3.2159	0.62312	0.81017
-4.6818	1.9439	-0.9698	1.3554	4.0282	2.1387	1.7113	1.588	1.4741	0.51386	-5.6545	-4.5615	2.4523	-3.6011	6.0707	5.9477	1.6344	1.7954	-0.80742	3.0678	1.2523	5.7814	4.4036	1.4634	-0.47658
-5.5229	2.6863	-0.67201	2.3648	4.5684	2.1253	1.6972	2.6499	2.2689	0.92252	-7.3387	-6.3341	1.8897	-4.1083	7.9365	7.2227	2.2217	2.6932	-2.0385	3.0589	1.8978	7.1083	5.925	1.9368	-1.754
-6.4638	3.2064	-0.24658	3.4687	5.0151	2.2419	2.0948	3.7371	2.9615	1.2896	-9.11	-7.8893	1.7747	-4.3757	9.4095	8.7741	2.8925	3.5812	-3.4973	3.3575	2.6575	8.1174	7.1937	2.542	-3.6406
-7.5492	3.1539	0.18187	4.7702	5.6941	2.326	2.3375	4.9114	3.8857	1.4694	-10.587	-9.7843	1.8783	-4.4196	10.917	10.114	3.5865	4.4418	-4.5373	3.7949	3.5201	9.404	8.4784	3.2979	-4.6848
-1.8876	-0.082149	0.63565	0.36088	2.3421	1.5211	-1.0981	-2.8666	-0.91433	1.6317	2.9314	1.703	-1.3456	-0.86299	1.4787	-1.7265	2.5514	-3.0352	1.7628	0.80401	-0.15051	-3.1339	-2.6783	-0.26022	0.57902
-3.0522	0.38404	0.83818	1.351	3.0573	1.5073	-1.3445	-1.4808	-0.15279	1.372	1.025	0.24111	-1.9584	-1.0992	3.2186	-0.067827	3.1278	-1.54	0.73035	1.0946	0.65867	-2.0388	-1.5312	0.60139	-0.94696
-3.9317	0.5207	0.88989	2.3026	3.9494	1.2827	-1.614	0.25606	0.5203	1.3708	-0.4152	-1.222	-2.1326	-1.3151	4.811	1.2719	3.6879	-0.043504	-0.50987	1.2981	1.0892	-0.43343	0.17957	1.1694	-2.2794
-4.8628	0.83304	1.0993	3.0229	4.497	1.3171	-2.159	1.6743	1.2541	1.4664	-1.9695	-2.6132	-2.0403	-1.362	6.7248	2.5215	4.1259	1.1866	-1.6257	1.7058	1.771	0.86245	1.4506	1.8826	-4.1348
-5.653	1.5436	1.5452	3.7559	5.3012	1.6551	-2.8905	2.8062	2.1605	1.6452	-3.8845	-4.1668	-2.5079	-1.3389	8.3799	3.8594	4.2851	2.3621	-3.15	2.4402	2.5775	2.1675	2.593	2.6293	-5.2344
-6.7031	2.256	2.159	4.7235	6.0803	2.0338	-3.1557	3.7674	3.454	1.9084	-5.3132	-5.2403	-3.0924	-1.4995	9.7886	5.0385	4.2583	3.3442	-4.4033	3.1258	3.1683	2.9771	3.2964	3.1261	-6.5664
-0.51964	1.271	1.2221	0.73787	-0.57128	-0.87336	-3.0586	2.9214	-2.2585	-1.7592	-1.1695	2.4492	-2.4287	-2.1346	-2.8104	1.9253	2.0108	-0.95481	3.1218	-1.3929	-0.099188	1.7787	-2.1307	2.3311	1.6637
-1.5021	2.1785	1.3214	1.4943	-0.029838	-0.84045	-3.3752	4.574	-1.4686	-1.4569	-2.5741	1.0646	-2.4613	-2.1061	-1.1807	3.4515	2.6682	0.50697	2.3481	-0.38524	1.1037	2.7415	-1.1095	2.7979	0.51661
-2.2335	2.8685	1.1542	2.3358	0.37945	-0.65222	-3.6587	5.8193	-0.83976	-1.2544	-4.3357	-0.24904	-2.5312	-2.2497	0.20596	4.6477	3.3053	1.9889	1.3013	1.0401	2.0447	3.6592	-0.0575	3.4309	-0.99302
-3.3421	3.6424	0.92681	3.2009	1.165	-0.61263	-3.8627	6.9309	-0.16822	-1.1443	-5.7117	-1.7014	-2.9378	-2.4881	1.7982	6.4072	3.9277	3.0828	0.18619	2.4562	3.289	4.9423	1.0566	4.3827	-2.6408
-4.2971	4.1507	0.87477	3.9072	2.4315	-0.5993	-3.9163	7.9933	0.88665	-1.0835	-7.1437	-3.0852	-3.3894	-2.7635	3.2238	7.6261	4.5467	4.003	-1.1653	3.5095	4.475	5.9713	1.8773	5.0367	-3.9615
-4.9183	4.4645	1.0521	4.6459	3.1222	-0.49301	-3.987	9.312	2.2015	-0.98519	-8.6592	-4.4785	-3.3903	-2.9815	4.4762	9.0344	5.004	4.9381	-2.3638	4.3686	5.4587	7.2189	3.1197	5.6923	-5.5164
-0.037418	0.63023	-2.7425	-1.7852	-2.0867	-2.8372	0.25871	2.8205	-1.3101	-0.13524	-1.5589	-1.1293	0.71151	1.4847	3.0858	-3.0155	2.5553	1.4707	-2.0796	2.7787	-1.6444	2.738	-1.0022	-1.5899	0.7446
-1.1983	1.1718	-2.345	-0.80324	-1.2235	-2.7349	0.004345	4.5998	-0.49169	-0.3206	-3.1357	-2.6882	0.033147	1.0457	4.52	-1.6157	3.3725	2.5604	-3.3835	3.1916	-1.0128	4.2591	-0.17537	-1.2343	-1.1741
-2.1153	1.7571	-1.9839	-0.071752	-0.70003	-2.4417	-0.84794	6.0983	0.17493	-0.47161	-3.9651	-4.2391	-0.51358	0.73942	5.7392	-0.3597	4.3	3.7915	-4.3453	3.9616	-0.33232	5.2599	0.73302	-0.76836	-2.2219
-2.8588	2.2121	-1.6805	0.71046	-0.22089	-2.2308	-1.3482	7.3937	0.84718	-0.51744	-5.009	-5.9645	-0.40715	0.5444	6.9432	1.208	5.3129	4.9726	-5.5213	4.8591	0.55086	6.4281	1.6382	0.098631	-3.5336
-3.8833	2.3412	-1.4984	1.6879	0.61887	-2.078	-1.3785	8.5104	1.609	-0.50661	-6.6886	-7.1152	-0.24329	0.48804	8.3098	2.4412	6.4406	5.9582	-6.9577	5.6949	1.1502	7.2266	2.4563	0.79177	-5.3905
-5.0121	2.7242	-1.5357	2.565	1.1174	-1.7834	-1.2731	9.7948	2.2601	-0.58486	-7.8014	-8.7727	-0.52399	0.45079	9.3873	4.2199	7.5927	6.8883	-7.9673	6.5766	1.97	8.2221	3.7977	1.5871	-6.3581
2.6688	0.85957	3.0093	1.8975	-0.10964	0.54388	1.945	-0.72332	0.99819	0.69097	0.29516	-1.868	0.19205	0.5019	-1.6752	3.1315	-1.1625	-1.8673	-1.4948	1.9863	2.369	0.87636	2.582	0.40705	0.44872
1.7028	1.0171	2.922	2.6678	0.81493	0.64219	1.3083	0.94797	1.5614	1.0833	-1.1246	-3.5888	-0.28533	0.55021	-0.27458	4.6762	-0.18164	-0.87025	-2.1352	2.5487	2.8907	2.0778	3.486	1.3178	-0.62688
0.82908	1.4092	2.8414	3.1809	1.4981	0.56726	1.1094	2.3158	1.8605	1.3876	-2.8086	-4.667	-0.24148	0.5175	1.3195	5.8965	0.91081	0.48133	-2.9823	2.8187	3.1563	2.8287	4.3704	2.056	-2.4151
0.029747	2.0409	2.7484	3.7094	2.1934	0.8076	1.4487	3.2248	2.3188	1.6071	-4.2746	-5.8757	0.087	0.44574	2.6616	7.86	1.9419	1.8064	-4.5353	2.9533	3.4879	3.3152	5.1852	2.4536	-3.9542
-0.89613	2.1366	2.6828	4.3343	2.6862	1.131	1.7455	4.2852	3.1875	1.7598	-5.1989	-7.5131	0.046955	0.33819	4.0908	9.4759	2.8298	2.8414	-5.7119	3.224	4.1689	4.0458	6.6381	3.1107	-4.8322
-2.1499	2.1043	2.7343	4.9058	3.3863	1.3408	1.705	5.6069	4.3923	1.8322	-6.4095	-8.8678	-0.49056	0.19457	5.3005	11.124	3.6679	3.6244	-6.7215	3.6177	4.7294	4.6456	8.0903	3.9976	-6.6588
1.4864	-2.4226	-0.94307	-0.084466	-2.4262	1.4766	0.27878	-2.3276	-2.7699	-2.4817	-2.7077	-0.87771	-0.35526	-1.0625	-2.2019	2.3507	0.46765	3.1077	-1.4648	-1.6982	0.034964	-0.33963	0.53634	2.1254	-0.64328
0.39219	-1.5326	-0.47297	0.60416	-1.3417	1.3222	-0.43097	-1.1277	-1.4038	-1.9679	-3.7725	-2.198	-1.1661	-0.99214	-0.80054	4.128	0.72385	4.5173	-2.7941	-0.92056	0.71885	0.36011	1.9221	2.7267	-1.9399
-0.527	-1.2189	-0.0048649	1.0034	-0.63898	1.2959	-0.67378	0.048046	-0.088681	-1.3678	-5.4403	-4.0632	-1.2884	-0.9638	0.47708	5.9707	0.87732	5.7594	-4.1397	-0.28883	1.6964	1.3488	3.182	3.2115	-3.538
-1.3278	-0.4407	0.38742	1.4463	0.071393	1.1424	-0.35352	1.1054	0.8052	-0.71806	-6.6492	-5.5536	-0.96271	-0.98635	1.5796	7.6823	1.2401	6.7587	-5.7872	0.30222	2.4068	2.1612	4.5855	3.3504	-5.169
-1.9662	0.090362	0.70836	2.0969	0.57542	0.83438	0.035701	2.0919	1.7956	-0.13858	-7.435	-7.0195	-0.88217	-0.9747	2.836	9.0917	1.7696	7.6236	-6.9515	0.9432	3.1207	2.9144	5.8764	3.7526	-6.1516
-3.0406	0.077911	1.0588	2.9179	0.99749	0.67282	0.088806	3.5158	3.0593	0.25218	-8.6746	-8.628	-1.3447	-1.0397	3.9915	10.805	2.5131	8.3768	-8.038	1.4996	4.0519	3.9941	6.8665	4.4365	-7.9464
1.8863	-1.3431	-2.2555	1.4822	-2.758	1.2546	0.62853	-2.929	2.7126	2.9827	0.066972	-2.239	-2.116	-2.4213	-0.29749	0.22163	2.01	2.157	-1.2399	2.3087	0.039251	0.45931	-2.2993	2.6846	-3.0956
1.311	-1.2046	-2.3959	2.9294	-2.4798	1.4532	0.93802	-1.8927	3.4061	3.0441	-1.6108	-3.7219	-2.3385	-2.688	1.3039	1.7415	2.7725	3.2949	-2.4822	2.8179	1.2677	2.036	-1.4188	3.0274	-4.5291
0.40456	-0.94289	-2.311	4.0793	-2.0634	1.3998	0.9045	-0.9551	3.9574	3.2298	-3.3537	-4.8912	-2.9098	-2.9442	2.7497	3.5993	3.564	4.4466	-3.6181	3.5499	2.5342	3.3	-0.85407	3.1802	-5.6658
-0.91659	-0.40311	-1.9771	5.0895	-1.3418	0.98988	0.23027	0.20778	4.6541	3.4913	-4.4537	-6.4934	-3.124	-3.0727	4.4334	4.8732	4.3472	5.5667	-4.7378	4.6153	3.5787	4.3806	-0.010842	3.7069	-7.5343
-1.6783	0.1526	-1.4245	5.7836	-0.97035	0.65342	-0.44035	1.3812	5.3827	3.8463	-6.2459	-7.8078	-2.9939	-3.1001	5.9502	6.4208	5.1349	6.4874	-5.9644	5.7326	4.7875	5.3238	1.0191	4.7159	-8.7502
-2.3082	0.79327	-0.79365	6.3897	-0.57002	0.66943	-0.69477	2.8627	6.2045	4.2732	-7.8271	-8.9522	-2.8424	-3.1945	7.3011	7.4522	5.8868	7.2665	-7.1229	6.51	5.5974	5.9745	2.018	5.5629	-10.113
-1.8827	-2.0484	2.9747	0.72076	-0.09238	0.2935	1.2434	-2.3359	-0.88524	-1.3528	2.4268	-2.1258	-0.55894	1.2646	-0.68432	2.0906	2.2513	1.2415	-1.1685	2.196	2.3359	-1.5706	2.7622	-3.017	-2.2761
-3.1057	-1.4107	3.0879	1.6327	0.88517	0.73291	1.4612	-0.8236	0.26362	-0.9737	1.5165	-3.4726	-0.56942	0.85539	0.55643	3.8402	3.082	2.631	-2.2325	2.8622	3.5151	-0.99842	3.9308	-2.5162	-3.6231
-3.8548	-0.72914	3.1848	2.5712	1.8353	1.0619	1.4504	0.5797	1.5315	-0.62593	0.60455	-4.8437	-0.14625	0.61217	2.1017	5.4489	3.7953	3.8994	-3.6456	3.6967	4.3101	-0.026604	5.0733	-1.9497	-5.1893
-4.6452	0.25139	3.2671	3.2589	2.2908	0.92354	1.1404	2.0226	2.6293	-0.35445	-1.0713	-6.2891	-0.093867	0.53789	3.4567	7.1966	4.3335	5.1927	-5.2926	4.78	5.3688	1.088	6.1133	-0.90733	-6.5847
-5.764	0.52273	3.4394	3.9459	2.8271	0.67771	0.56307	3.2362	3.7943	-0.19385	-2.4333	-7.612	-0.75129	0.40692	4.9136	8.884	4.8254	6.5939	-6.7681	6.1068	6.2358	2.117	6.9605	-0.0078273	-8.2162
-6.6707	0.74525	3.7451	4.8769	3.5333	0.76547	-0.032847	5.0727	5.3624	-0.18883	-3.7202	-9.146	-1.4271	0.1433	6.4335	10.463	5.4694	7.7203	-7.8719	7.014	6.8941	3.4791	8.0589	0.62635	-9.6068
-2.105	-3.127	0.005657	2.3497	-1.3491	-1.426	-0.14731	-2.5294	1.1465	2.4051	2.6426	2.9101	2.2852	2.4954	-0.065896	-1.6892	-0.78872	-1.9794	-1.0459	0.14185	1.8149	0.64788	-2.7283	1.1143	-2.8084
-2.7411	-2.7007	-0.025866	3.3612	-0.81264	-1.3699	-0.45938	-1.4689	2.0215	2.6019	0.88352	1.568	1.764	2.7304	1.1011	0.17488	-0.17179	-0.7107	-2.348	0.69783	2.3804	1.772	-1.8558	1.8889	-4.3994
-3.6253	-2.5112	-0.050098	4.348	0.20871	-0.9568	-0.35232	-0.55677	2.8475	2.9567	-0.33557	0.18202	1.1108	2.758	2.4888	1.8004	0.48589	0.37995	-3.5028	1.2583	2.8542	2.5104	-0.58697	2.4125	-5.6963
-4.9843	-2.0639	0.10826	5.4393	1.2017	-0.51213	-0.16083	1.1121	3.3982	3.3112	-1.3121	-1.3681	0.64357	2.4796	3.5439	3.3987	1.2675	1.3702	-5.1441	1.9479	3.6853	3.5722	0.53294	3.2553	-7.3208
-5.5965	-1.2615	0.40826	6.6822	2.1071	-0.2923	-0.14314	2.6536	3.9708	3.4934	-2.8627	-2.7255	0.24732	1.9294	4.6085	5.1421	2.2211	2.3284	-6.4838	2.7782	4.4413	4.6022	1.8066	4.2728	-8.8683
-6.1366	-0.5288	0.60391	7.6923	2.7753	-0.22316	-0.6614	4.2791	4.9165	3.4006	-4.3104	-4.2498	0.080226	1.0942	5.7644	6.6934	3.3242	3.4492	-7.587	3.8938	5.0825	5.49	3.1453	5.101	-10.212
-1.5274	3.0719	1.933	-1.5746	-0.57874	-2.017	1.3148	2.2978	-0.96441	-1.2816	-1.7524	2.6054	-0.88915	-0.056149	-1.7241	1.237	1.9435	0.35354	-1.5173	-1.6963	-1.495	0.75005	-2.5797	-1.1694	-1.4079
-2.3981	4.1205	2.358	-0.45266	-0.3123	-1.9967	1.2816	4.1675	-0.16939	-1.2224	-3.2621	1.1307	-1.1859	-0.87821	-0.51349	2.914	2.7148	1.8619	-2.6628	-0.84305	-0.40903	1.6987	-1.3476	-0.56197	-2.7554
-3.106	4.5462	2.6893	0.64559	0.16751	-2.1217	1.051	5.5196	0.59404	-1.2349	-4.6222	-0.34533	-0.9663	-1.5158	0.71828	4.0133	3.467	3.1421	-3.7622	0.043216	0.55809	2.2887	-0.18068	0.055928	-4.3586
-4.2583	5.2717	2.8495	1.8378	0.90225	-2.0112	0.62259	7.0563	1.7856	-1.4374	-5.9905	-1.7353	-0.70964	-1.7933	2.0808	5.3072	4.0897	4.3656	-4.9337	0.69405	1.2812	3.1322	0.97278	0.45187	-5.9146
-5.2773	5.9668	3.076	2.7577	1.3808	-1.5996	0.33955	8.4888	3.0829	-1.7715	-7.4021	-3.5228	-0.92041	-1.6811	3.1403	6.8322	4.4353	5.709	-6.7069	1.0512	2.3504	3.8512	2.0245	1.1507	-7.1437
-6.0256	5.9738	3.5673	3.6918	1.9887	-1.3357	-0.060594	10.197	4.3776	-1.9203	-8.9921	-4.7175	-1.4974	-1.4102	4.3494	8.6064	4.6968	6.8867	-8.0175	1.3212	3.1618	4.3567	3.4088	2.0493	-9.0166
-0.1675	-2.7279	1.7664	-1.3669	2.7335	2.6116	0.47333	3.0187	-1.4991	-0.77101	1.7731	2.9728	1.0087	-2.5635	1.7621	0.23727	1.5149	3.0602	-2.0093	-2.4641	0.29634	-1.8509	0.53902	2.3322	0.91084
-1.0552	-2.1916	1.896	-0.3969	3.7356	2.3983	0.11493	4.8308	-0.71746	-0.74363	0.30388	1.5582	1.2601	-2.7716	3.3224	1.896	2.1241	3.978	-3.6368	-1.7619	1.2519	-1.0788	1.7787	2.6697	-0.87552
-2.2583	-1.7355	2.1368	0.424	4.5672	2.578	-0.53579	6.2398	-0.16243	-0.53607	-1.3874	0.068665	0.77521	-2.8755	4.9206	3.3443	2.6314	4.9605	-4.9565	-1.0194	1.8665	0.21168	2.9122	2.9495	-2.1014
-3.0915	-1.1003	2.4753	1.4412	4.901	2.9387	-0.86898	7.4112	0.7265	-0.24209	-3.1033	-1.1605	-0.096735	-2.9416	6.3398	4.8694	3.003	5.8509	-6.281	-0.4292	2.5071	1.2758	4.0861	3.6004	-3.8514
-3.7453	-0.37412	2.7966	2.5498	5.5275	3.1339	-0.96612	8.5465	2.1138	0.095903	-4.7156	-2.6967	-0.41949	-3.0399	7.9661	6.6065	3.2829	6.7241	-7.4123	0.065616	3.4101	2.63	5.0839	4.2034	-5.1599
-4.8432	0.080538	3.1146	3.429	6.511	3.2838	-1.1709	9.822	3.1841	0.47679	-6.1633	-3.9854	-0.46651	-3.3078	9.329	8.4647	3.7154	7.7294	-8.4367	0.55824	4.0106	3.6611	6.3072	4.4463	-6.4552
0.21115	-1.7567	-1.2535	-0.8338	2.0636	2.0451	0.46122	-3.0816	-0.42862	0.94015	-2.8117	1.3451	0.46282	-2.5245	0.40272	-2.1724	-0.28503	1.4196	-0.97616	-1.2717	-2.901	0.26046	-1.7683	2.9556	-2.8425
-0.88492	-1.3015	-0.8072	0.2091	3.026	1.982	-0.07015	-1.3949	0.51324	0.88467	-4.1102	-0.51403	0.60359	-2.5209	1.8553	-0.49411	-0.040314	2.4279	-2.3972	-0.57278	-2.0231	1.0538	-0.72203	3.6757	-4.3348
-1.5499	-0.66284	-0.13635	1.1	3.9232	1.7584	-0.22989	0.25314	1.4806	0.92375	-6.0483	-1.9076	0.51285	-2.4558	3.5194	1.2633	0.31864	3.7124	-4.0947	-0.17127	-1.1038	1.8101	0.49399	4.5578	-5.9929
-2.2146	0.078594	0.59213	2.1803	4.8731	1.4189	-0.18387	1.7995	2.6946	1.1325	-7.2355	-3.9138	-0.22821	-2.405	5.0641	2.6487	0.89698	5.2371	-5.6493	0.11775	-0.47852	2.8874	1.3051	5.1995	-7.2608
-3.3035	0.30316	1.1689	3.3768	5.3121	1.1782	-0.26223	3.1576	3.7538	1.4237	-8.4407	-5.3723	-0.67234	-2.4844	6.4277	4.3127	1.5127	6.5501	-6.9968	0.50528	0.39328	3.7356	2.1762	6.1591	-9.0646
-4.4306	0.66976	1.6391	4.4007	5.9182	1.2211	-0.36089	4.4288	4.329	1.6932	-10.362	-7.2157	-0.74319	-2.8147	7.9229	5.7548	2.0861	7.4616	-8.0575	0.96666	0.95	4.9867	2.9959	6.8886	-10.223
0.097697	-3.1181	1.7043	-2.1647	2.6133	-0.7918	-0.062361	2.5068	-1.5615	0.59224	1.9929	-2.4278	0.22414	2.0138	0.88954	0.4828	1.1176	2.9285	-2.7976	2.64	-1.2667	0.55756	-1.9115	0.70412	0.85629
-0.87265	-2.7553	1.5471	-1.0249	3.1341	-0.66465	-0.14924	3.931	-0.14727	0.68619	0.56387	-3.9554	0.48213	1.5391	2.3951	2.1436	1.6384	3.7853	-4.192	3.6158	-0.23652	1.6553	-0.31734	1.242	-0.60551
-1.8792	-2.1303	1.3218	0.12793	4.0839	-0.68303	-0.77211	5.6946	1.1271	0.66486	-0.9994	-5.6669	0.28329	1.0646	4.1872	3.358	1.9853	4.7661	-5.8899	4.6226	1.0525	2.2204	1.0734	1.7454	-1.9895
-2.9401	-1.2563	1.5278	1.3645	4.7853	-0.74643	-1.1175	7.2311	2.1127	0.73391	-2.6816	-6.9748	-0.5423	0.4771	5.7137	4.8463	2.3116	5.7543	-7.3945	5.4437	1.9283	2.7355	2.1722	2.2226	-3.8246
-3.875	-0.55716	1.983	2.5571	5.7495	-0.64589	-1.2915	8.7204	2.8209	0.89888	-4.4882	-8.8353	-0.87263	-0.023281	7.396	6.2972	2.7939	6.6716	-8.3551	6.0772	3.0211	3.5483	3.0535	3.0682	-5.0324
-4.7481	-0.014735	2.5607	3.3859	6.7039	-0.56937	-1.5699	9.9021	3.4856	1.0462	-5.9477	-10.108	-0.85861	-0.21369	8.9282	8.1373	3.4449	7.6762	-9.3435	6.6293	3.7881	4.0493	3.8705	3.7405	-6.1839
-1.4497	-0.28802	1.6793	1.9641	-2.3318	-0.42551	2.8456	-0.28331	-2.6097	0.77419	2.018	0.93667	-2.2244	-0.89913	-0.1393	0.38758	-1.9968	1.7226	0.43713	3.1064	3.0859	2.7574	-2.4247	-0.47007	-1.8106
-2.4225	-0.020727	1.9967	3.4027	-1.7008	-0.59789	2.8696	0.89593	-1.3213	0.8969	0.97552	-0.70091	-2.3921	-1.1974	1.2901	2.1825	-1.3565	2.6365	-0.68533	3.625	4.1224	3.7655	-1.1062	0.23146	-3.4223
-2.9569	0.33545	1.8528	4.5918	-1.2798	-0.57187	2.6054	2.1002	-0.57618	0.87118	-0.30584	-2.2361	-2.5283	-1.4615	2.9004	3.8876	-0.64703	3.4997	-1.8869	4.2249	5.2011	5.0289	0.49205	0.50865	-4.9105
-3.8578	0.76595	1.432	5.786	-0.6847	-0.37353	2.3234	3.4295	0.026225	0.66217	-1.5458	-3.5686	-2.5043	-1.6886	4.211	5.634	-0.0081014	4.5003	-2.7485	4.9616	6.1286	6.2882	1.4985	0.8367	-6.597
-5.0817	1.4143	1.2366	7.043	-0.2169	-0.26687	1.9961	4.7724	0.72052	0.55922	-2.6199	-5.1839	-2.452	-1.83	5.6056	7.3672	0.6148	5.9993	-3.483	6.0597	7.2751	7.5793	2.4025	1.2832	-7.8093
-5.9582	2.4518	1.3226	7.8494	0.31978	-0.0023435	1.4265	6.6555	1.3972	0.66842	-4.286	-6.2176	-2.6124	-1.9012	7.1302	8.9469	1.2691	7.6541	-4.6423	7.3937	7.9806	8.2186	3.1243	1.6939	-9.4675
2.4545	0.23092	-2.4879	-1.5531	2.4496	-1.517	2.1944	-1.6835	1.39	-2.1756	-2.6833	0.4832	-0.97365	2.7334	-2.8826	2.4434	-1.055	3.0544	-1.5632	-2.9194	2.3181	0.65934	-0.12352	-0.66785	2.8906
1.4768	0.9035	-2.1267	-0.80357	3.0448	-1.6898	2.1048	-0.60592	2.581	-2.0254	-4.0103	-1.1136	-1.6396	2.5677	-1.6854	4.0118	-0.33234	4.0398	-2.7871	-2.6006	2.8552	1.4646	0.8221	-0.15058	1.2121
0.58677	1.7105	-1.9912	0.069892	3.577	-1.5788	1.472	0.73282	3.4387	-1.8488	-5.6106	-2.8347	-2.0088	2.323	-0.25712	5.3498	0.38514	5.0789	-3.6836	-2.1482	3.7162	2.7225	1.9181	0.043843	-0.3872
-0.36493	2.457	-1.9349	0.83977	4.4419	-1.3388	0.96555	2.2147	4.3262	-1.6989	-7.4922	-4.5059	-2.1884	2.1901	1.0288	6.8095	1.1668	6.3029	-4.8978	-1.389	4.3701	3.8509	3.2109	0.52909	-1.6066
-1.4524	3.1367	-1.7129	1.5739	5.0601	-1.1907	0.7552	3.9899	5.2669	-1.6173	-8.9506	-6.1295	-2.442	2.3655	2.3547	8.3679	1.9517	7.5855	-6.4317	-0.40064	5.4094	5.085	4.6036	1.0203	-3.2378
-2.2116	3.717	-1.3253	2.6681	5.743	-0.93867	0.5726	5.4862	6.0093	-1.6303	-10.539	-7.7345	-2.6104	2.805	3.9466	10.247	2.5979	8.9344	-7.9472	0.55973	6.3159	6.1484	5.6611	1.3461	-4.8912
-2.9368	-0.7673	1.26	-1.8218	0.21134	-0.8794	1.3387	-3.0964	0.87653	-2.3471	1.7241	0.23463	0.58512	-2.3907	0.7023	-0.067112	-0.76205	-3.0682	2.2588	2.4573	1.5977	1.8828	-2.3012	-1.4154	2.7443
-3.8287	0.1327	1.1005	-0.48992	1.3396	-0.86517	1.3395	-1.9779	1.9271	-1.9646	0.52111	-1.2902	0.50077	-2.3666	2.5359	1.8028	0.046993	-2.0503	0.79575	3.0028	2.2156	2.5431	-1.0029	-0.48171	1.4023
-4.94	0.63512	1.0092	1.1165	2.2453	-0.52955	0.90018	-0.69221	2.9891	-1.533	-0.66782	-2.6271	0.29381	-2.4633	4.0537	3.2282	0.81303	-0.66115	-0.6186	3.6057	3.2128	3.5275	0.19995	0.054544	-0.28262
-5.7978	0.72568	1.0599	2.327	3.2753	-0.20938	0.33456	0.38597	4.0056	-1.2308	-2.0235	-4.1434	-0.22725	-2.4168	5.7545	4.975	1.4471	0.66173	-1.471	4.5615	3.9869	4.369	1.07	0.62691	-1.6244
-6.6029	1.1386	1.167	3.5374	4.2728	0.063641	0.061635	1.306	5.125	-1.0581	-3.5051	-5.5821	-0.54107	-2.1102	7.2146	6.3837	1.9258	1.4799	-2.4556	5.7813	4.9728	5.6767	2.1245	1.0729	-3.2059
-7.5596	1.9626	1.2965	4.9689	5.0673	0.45416	0.27581	2.5835	6.1288	-0.86274	-5.1754	-7.1732	-0.64752	-1.813	8.4757	8.0398	2.2401	2.1878	-3.9602	6.8783	6.1848	6.9072	2.966	1.266	-4.8732
3.1123	2.8364	-0.0021403	0.81749	-3.0266	-0.80283	-3.0826	0.29339	-0.48686	1.7523	1.6913	-2.2088	-2.1956	0.22873	0.38595	-1.1797	-1.8553	0.74888	-0.22574	0.72425	-3.1013	-0.099524	-0.98013	-2.3685	-0.12593
2.2523	3.8325	-0.11251	1.7326	-2.2656	-0.69707	-3.4263	1.6036	0.52355	1.2499	-0.1419	-3.649	-2.6864	-0.075643	1.9518	0.56601	-1.2651	1.888	-1.302	2.0086	-2.0723	0.65213	0.30631	-1.6288	-1.3185
1.2298	4.4823	0.11297	2.5043	-1.5973	-0.71552	-3.5702	2.68	1.3951	0.93956	-1.772	-5.2846	-2.9451	-0.36865	3.2067	1.8955	-0.71222	3.0025	-2.466	3.1348	-1.0527	1.4602	1.1306	-0.81341	-3.0426
0.18923	4.6918	0.41635	3.2837	-0.87983	-0.76231	-3.6459	3.6553	2.0763	0.71243	-3.354	-6.4167	-2.8758	-0.64636	4.5165	3.4167	-0.15391	4.0926	-3.4122	4.0041	0.18248	1.916	2.003	-0.043854	-4.533
-0.76936	5.2047	0.72072	4.373	-0.16591	-0.71538	-3.8523	4.9419	2.9465	0.42906	-5.1693	-8.1436	-2.7942	-0.94836	5.8612	4.6491	0.39283	5.1899	-4.4247	4.7927	1.0639	2.612	2.67	0.36468	-5.9546
-1.6002	5.8599	0.9028	5.4969	0.036087	-0.61583	-4.4594	6.3493	4.2654	0.14048	-6.8298	-9.8322	-2.9399	-1.1865	6.9714	6.4411	0.8621	6.4478	-5.9747	5.7991	2.1941	3.5205	3.4889	0.97182	-7.5477
-0.39862	1.1178	1.0164	-2.3056	-1.7235	-2.2986	0.23032	-2.8115	-1.5341	-0.34071	-1.8702	2.4281	0.45736	0.67726	0.15675	0.89796	-1.3115	-1.0986	1.88	1.7705	0.81633	-0.32006	-3.0658	-2.3718	1.6129
-1.4895	1.3868	0.91781	-0.89102	-0.63019	-1.9577	-0.035307	-0.98356	-0.2125	-0.27366	-3.6423	0.75941	0.18379	0.28339	1.1951	2.3077	-0.57733	0.52775	0.58866	1.8557	1.5222	0.72097	-1.778	-1.9008	-0.14937
-2.1429	1.3328	0.6013	0.27946	0.046204	-1.4693	-0.25201	0.3961	0.72616	-0.15139	-5.4542	-0.76497	0.1636	-0.098528	2.3444	3.4472	0.35346	1.621	-0.45066	2.0456	1.956	1.2892	-0.38451	-1.224	-1.4131
-3.1755	1.5347	0.66075	1.3323	0.642	-1.2114	-0.23567	1.5492	1.6952	0.016135	-6.807	-1.9668	-0.14098	-0.36749	3.4249	5.2443	1.2641	2.4291	-1.3809	2.429	2.6845	1.9347	0.63295	-0.77769	-2.7806
-4.4572	2.15	1.0057	2.2799	1.5947	-1.0366	-0.079642	2.8802	2.6941	0.18496	-8.4186	-3.7067	-0.65477	-0.44676	4.204	6.8696	2.1773	3.1686	-2.3291	3.0163	3.4737	2.8671	1.349	-0.35498	-4.4801
-5.0495	2.7815	1.4631	3.0299	2.1581	-0.79599	-0.26711	4.0983	3.7242	0.31174	-10.276	-4.8633	-1.1093	-0.51362	5.1326	8.7957	3.0884	3.9319	-3.2455	3.7621	4.0682	3.527	2.2237	0.38627	-5.6597
-0.36744	1.3278	2.8776	-1.5353	-2.4438	-0.69125	-1.5739	-1.6741	0.13365	-0.74501	-1.3754	0.20769	0.86443	-1.8741	-0.23518	-2.4777	-0.91787	1.0558	-0.18656	-1.9639	-2.9537	0.15287	-0.7286	0.32987	2.7835
-1.356	1.7296	3.1461	-0.52786	-1.6126	-0.6019	-1.6312	-0.14368	0.59023	-0.91974	-2.9939	-1.2426	0.21975	-1.6087	0.92007	-0.86373	-0.22973	2.363	-1.3288	-1.4301	-1.8289	1.0469	0.30882	0.5634	0.91026
-1.9552	2.1923	3.0983	0.4078	-0.83686	-0.55382	-1.2953	0.89876	1.3101	-0.88842	-4.4913	-2.6867	-0.092092	-1.5273	2.2361	0.90288	0.51125	3.4685	-2.5383	-0.96836	-0.73412	2.0512	1.5129	0.74756	-0.3984
-2.8464	3.0402	2.8972	1.6345	-0.48062	-0.73785	-1.2046	2.4156	2.4655	-0.82054	-6.2265	-4.3781	-0.28345	-1.6825	3.6602	2.7407	1.3534	4.2777	-3.6595	-0.52822	0.54168	2.8781	2.4854	1.3612	-1.5506
-3.8764	3.7222	3.0977	2.9264	-0.11591	-1.1022	-1.6541	3.7949	3.6007	-1.0194	-7.8987	-5.431	-0.6563	-1.9203	4.7485	4.2286	2.319	4.9463	-5.0564	-0.18935	1.7826	3.4302	3.6758	1.9567	-3.472
-4.8327	4.4383	3.6532	3.9637	0.70082	-1.2989	-2.0553	5.2176	4.498	-1.44	-9.6303	-7.1617	-0.84393	-2.0022	5.9799	5.4838	3.292	5.542	-6.8082	0.056618	2.7866	4.305	4.6417	2.6384	-4.5191
0.36903	-2.4974	-1.7376	1.6457	-2.794	0.93013	-2.0818	0.098251	-1.3693	0.93974	-0.7088	-0.55854	-2.7221	-0.75632	0.17625	-0.29281	0.56723	2.9336	-2.5506	-2.7745	2.3079	1.2289	2.1743	0.62663	1.8098
-0.58224	-2.0111	-1.3808	2.773	-1.8471	1.2209	-2.3864	1.3313	0.046627	0.95174	-2.1605	-2.4009	-2.7333	-0.93493	1.5768	1.2697	1.0419	4.3233	-3.5875	-2.151	2.988	1.9602	3.2552	1.3525	0.48511
-1.7135	-1.4333	-0.9858	4.2069	-0.95361	1.2972	-2.7329	2.3939	1.0502	0.87621	-3.3246	-4.0102	-3.0339	-1.2716	3.108	3.0907	1.651	5.2375	-4.5065	-1.6109	3.4289	2.893	4.3174	2.3196	-0.71087
-2.4695	-0.9442	-0.58169	5.3772	-0.71279	1.3353	-2.9274	3.4036	2.3441	0.57393	-4.5782	-5.4985	-3.292	-1.6455	4.4924	4.5433	2.4055	5.9798	-5.5008	-1.1001	3.7459	3.5842	5.4889	2.9675	-2.5893
-3.2178	-0.44615	-0.25149	6.2247	-0.43302	1.4749	-3.024	4.7123	3.707	0.38865	-6.1461	-7.1549	-3.4892	-2.0507	5.5822	6.2368	3.3516	6.7505	-6.375	-0.52984	4.489	4.6587	6.768	3.7928	-3.7329
-4.3259	0.19029	-0.023644	7.0758	0.34298	1.6114	-3.176	6.1231	4.6217	0.4835	-7.4396	-8.2926	-3.7882	-2.6071	6.8902	7.3199	4.3708	7.6051	-7.2941	0.19723	5.1649	5.4955	7.5339	4.6861	-5.4374
-0.87634	2.4973	-2.3393	0.47377	1.388	1.3732	1.3257	1.8157	-0.054831	-0.83303	1.7944	-2.5895	-0.50644	3.1361	0.50624	1.6454	-0.79553	0.32346	2.5539	2.5648	-0.29818	-2.8342	1.5618	0.15726	-1.7114
-1.8738	3.116	-2.1961	1.4445	2.5509	1.527	1.3497	3.0203	0.86767	-0.70924	0.57081	-4.3726	-0.22951	3.0191	1.8363	3.3965	0.044233	1.8249	0.96905	2.769	0.66501	-1.8431	2.5204	1.1182	-3.3889
-3.0928	3.5143	-2.3571	2.7381	3.2249	1.8124	1.3936	4.4745	2.1337	-0.71432	-0.82079	-5.9389	-0.27482	2.8984	3.3566	5.2595	0.93406	3.2286	-0.16636	3.0859	1.5364	-0.7145	3.7399	1.7583	-4.8256
-3.8754	4.3557	-2.5384	3.7034	3.6604	1.8248	1.0965	5.739	3.1374	-0.99462	-2.4587	-7.6885	-1.0693	2.7696	4.6067	6.6039	1.8053	4.3932	-1.55	3.6583	2.2676	0.34106	4.905	2.2181	-6.3491
-4.5956	4.8814	-2.5461	4.4198	4.273	1.5675	0.64726	6.8762	3.8022	-1.3508	-3.6312	-9.141	-1.7163	2.6147	6.0125	8.3843	2.6582	5.4893	-2.8278	4.5434	3.2191	1.7219	5.6928	2.8749	-7.8569
-5.6876	4.9658	-2.4085	5.1932	4.805	1.2744	0.33433	8.3576	4.4291	-1.5207	-4.5664	-10.633	-2.1314	2.3419	7.4975	9.9151	3.4981	6.3798	-4.1674	5.4908	3.812	3.2149	6.6929	3.3754	-9.5101
1.8812	-1.1051	1.9471	3.1305	2.3347	-1.0779	0.96061	-1.5507	2.6938	-0.37685	0.10337	-2.4831	1.2547	0.66963	0.15267	0.95985	3.073	1.8556	0.90645	2.4112	-1.7891	-0.47364	2.9512	0.99315	0.61408
1.4621	-0.042364	2.6004	3.6557	2.7091	-0.84608	0.63511	0.0048826	3.3077	-0.2526	-1.3594	-4.0529	1.1001	0.47884	1.5097	2.254	3.9131	2.6652	-0.36013	2.9879	-1.0671	1.0111	4.0478	1.6862	-0.87327
0.65651	0.36959	3.3752	4.3213	3.4385	-0.87927	0.13144	1.1668	4.1407	-0.36144	-2.9582	-5.6027	1.3022	0.36401	2.6285	3.8327	4.6949	3.65	-1.7208	3.7617	0.0058524	2.3705	5.0797	2.2509	-2.503
-0.69594	1.1528	4.2419	5.2044	4.2521	-0.86089	-0.32061	2.417	5.2901	-0.60165	-4.0005	-7.4874	1.4199	0.18544	3.9115	4.9435	5.5001	4.9118	-2.9965	4.9175	0.85266	3.6291	6.0632	2.8938	-4.029
-1.3907	1.7936	5.0766	5.9679	5.3193	-0.55403	-0.58507	4.0915	6.1479	-0.61469	-5.6826	-9.0117	1.0961	0.0032758	5.3247	6.3226	6.2674	6.0907	-4.5159	6.0542	1.7555	4.7493	7.0967	3.7843	-5.3397
-1.9113	1.7862	5.8281	6.6944	6.1765	-0.27185	-0.57614	5.8401	6.829	-0.38611	-7.1046	-10.851	0.43521	-0.16041	6.5456	7.4878	6.9642	7.1524	-6.1698	7.0193	2.7484	5.696	7.8461	4.3288	-7.1732
-1.1878	-3.0886	3.045	-1.7684	1.46	1.8926	0.63107	-2.2045	-2.1027	-0.94041	1.2753	-3.1152	-2.1811	2.8438	3.0929	-0.87187	-1.0741	0.74227	0.056574	0.42783	2.5541	1.0106	1.7974	-1.4376	-1.9954
-2.1678	-2.3577	3.2414	-1.0256	2.4455	1.8648	0.063075	-0.73613	-1.3487	-1.1785	-0.18304	-4.7556	-2.7846	2.9808	4.5348	0.95417	-0.97107	1.9322	-0.86358	1.3983	3.4672	2.2964	3.0574	-0.83186	-3.1662
-3.1401	-2.0301	3.6385	-0.38434	3.0901	1.9744	-0.09578	0.11242	-0.68035	-1.3736	-1.8214	-6.4597	-2.8678	3.0075	5.6711	2.8455	-0.68554	3.2081	-2.303	2.411	4.5228	3.3973	4.5879	0.042058	-4.7476
-3.8612	-1.7681	4.1365	0.52158	3.5584	1.8224	-0.19491	1.3426	0.29461	-1.477	-3.2998	-8.1935	-2.9314	2.893	6.9744	4.4911	-0.20301	4.5085	-3.5471	3.7094	5.5785	4.8017	5.601	0.50819	-6.4476
-4.9265	-1.4242	4.6403	1.6451	4.261	1.4184	-0.5426	2.6388	1.5013	-1.513	-4.5719	-9.7756	-3.3359	2.6178	8.3115	5.9533	0.44436	5.5645	-4.638	5.0529	6.5167	5.8639	6.6801	1.0807	-7.6042
-6.0421	-0.95606	5.1284	2.6918	4.9554	1.1283	-0.95287	3.8532	2.3588	-1.5192	-6.4009	-11.628	-3.7241	2.1792	9.4659	7.4581	1.1814	6.3894	-5.8295	5.9715	7.6499	7.2106	7.6888	1.6182	-9.3569
2.1171	-2.831	-2.3178	-1.2682	0.41734	-0.34988	2.6757	3.1352	0.63703	1.9533	1.9791	-2.7527	-1.8456	-0.94649	-1.8156	-1.7982	-1.0726	-1.415	1.4604	1.3025	-1.3386	-3.0995	-1.2085	-1.0044	-0.35211
0.87047	-1.8782	-1.5636	0.092192	1.0007	-0.47703	2.5619	4.0529	1.0746	1.967	0.32922	-4.291	-2.0222	-1.178	-0.53757	-0.31933	-0.57745	-0.70616	-0.053182	2.2654	-0.55391	-1.9571	0.013813	-0.41686	-1.9859
0.029701	-1.2977	-0.81162	1.1696	1.8004	-0.38938	2.5592	5.6786	1.3709	1.6983	-1.4427	-6.1998	-1.9692	-1.1783	0.6139	0.74884	0.0016718	0.18665	-1.3004	3.0528	0.44288	-0.51197	0.99449	0.35693	-3.1766
-0.65538	-0.97558	-0.10475	2.0239	2.627	0.1097	2.1027	7.2454	1.7965	1.3264	-3.0532	-7.6114	-2.3268	-1.1528	1.5509	2.0802	0.68679	1.1751	-2.3905	3.6086	1.0852	0.57056	1.9786	0.87775	-5.1246
-1.7962	-0.50998	0.5751	3.0177	3.6206	0.66209	1.6751	8.7034	2.6185	1.1537	-4.8017	-9.5643	-3.0241	-1.2398	2.7103	3.3877	1.4643	2.1319	-3.8785	4.0131	2.0097	1.6718	2.7008	1.6773	-6.1479
-2.9438	0.098222	1.1967	4.0337	4.6191	0.99775	1.593	9.8709	3.6873	1.1627	-6.4448	-10.991	-3.2961	-1.4722	3.8716	4.7505	2.3298	3.005	-5.1348	4.4183	2.8136	2.637	3.3208	2.4227	-7.7444
-1.8901	-0.82004	1.5532	-1.1366	3.0036	2.8873	2.1828	0.55787	-2.4533	-1.9257	-0.036153	-2.5806	2.6993	2.31	1.1891	-1.1296	-1.2932	0.63406	-1.4887	-1.2064	-1.3206	2.4997	2.624	0.10719	-0.032833
-2.745	-0.42374	2.1703	-0.5306	3.8962	2.7307	1.5378	2.0534	-1.6844	-2.1722	-1.4514	-3.8721	2.5262	2.4498	2.4315	0.41819	-0.76629	1.6262	-2.8864	-0.15793	-0.68731	3.417	3.8497	0.72	-1.4
-3.3702	0.20081	2.6838	0.1817	4.3982	2.7393	1.1238	3.7621	-1.039	-2.5041	-2.8911	-5.1911	2.6406	2.4328	3.6774	2.3983	-0.32047	2.4662	-4.0382	0.79374	0.2661	4.1213	4.7971	1.5211	-2.9281
-4.3469	1.4194	3.0078	1.1507	4.6813	2.666	0.8574	4.9706	-0.12526	-2.9108	-4.5472	-6.8004	2.6896	2.249	4.8001	3.9633	0.20982	3.3066	-4.724	1.5488	0.96083	5.2143	5.6585	2.1255	-4.4509
-5.5438	1.9669	2.8559	2.0476	5.5725	2.429	0.62291	6.648	0.96142	-3.3044	-5.7953	-7.98	2.5229	2.01	6.2832	5.7092	0.88247	4.2159	-5.5006	2.1658	1.5906	6.232	7.0966	2.8235	-5.9932
-6.1766	2.2244	2.4809	2.7122	6.5913	2.2002	0.61615	8.0808	1.7588	-3.5717	-7.028	-9.6718	1.9225	1.773	7.6677	7.4027	1.671	5.357	-6.5867	2.6968	2.5292	7.6222	8.5666	3.3011	-7.2041
2.3896	0.73039	-2.23	-2.4419	-2.2138	2.9146	-0.05834	0.81761	-0.66048	1.8292	1.1897	1.3202	-2.4111	2.7369	-1.1147	2.9937	0.092026	0.076741	-2.3993	0.89381	-1.048	3.0404	2.9953	2.8088	-2.9761
1.4522	1.8855	-2.094	-1.3314	-2.0055	2.8315	0.18795	2.2897	0.56831	2.5097	-0.11555	-0.11834	-2.4113	2.4781	0.63426	4.5725	0.66531	1.1664	-3.7331	1.208	-0.17507	4.1112	3.9972	3.5358	-4.2342
0.44701	2.4871	-2.0696	-0.23981	-1.4278	2.599	0.50411	3.2248	1.7125	2.8641	-1.3211	-1.7918	-2.383	2.2951	2.0592	5.9907	1.4042	2.2738	-4.7809	1.7601	0.36127	5.0921	4.9991	4.4718	-5.6997
-0.49469	2.9448	-2.1944	0.71878	-0.50848	2.4959	0.47801	4.2553	2.6187	2.9223	-2.8361	-3.0369	-2.5721	2.2545	3.4279	7.3096	2.1514	3.3295	-5.5736	2.3707	1.038	5.6365	5.6943	5.1907	-7.4344
-1.3531	3.656	-2.359	1.7637	0.081217	2.5853	0.13901	5.4539	3.6056	2.8835	-3.985	-4.9845	-2.8622	2.4621	4.9314	8.8844	2.9007	4.2996	-6.6517	3.1116	1.8632	6.4674	6.706	6.1238	-8.5775
-2.4198	4.1111	-2.485	3.1442	0.95394	2.6321	-0.37622	6.3944	4.4589	2.9844	-4.7678	-6.5251	-3.2981	2.7818	6.1461	10.409	3.6313	5.1478	-8.1782	4.0815	2.3254	7.3521	8.0922	7.1548	-10.267
-0.85643	-2.7462	-2.1716	2.7049	-1.0336	-1.0539	-0.1229	1.2392	-0.94533	-1.5842	2.2241	2.4002	2.3152	-2.046	-1.7469	-0.39604	-2.8499	0.79452	-2.5626	0.47695	0.99165	0.12086	-2.7012	2.3584	-1.0679
-1.9026	-2.3012	-1.7716	4.3104	-0.58957	-0.96047	-0.38942	2.7451	-0.53746	-1.6612	0.836	1.077	1.8081	-2.1275	-0.17141	1.3236	-2.2999	1.7955	-4.1279	1.2466	1.8401	1.2653	-1.6614	2.7103	-2.8433
-2.6349	-2.0289	-1.2945	5.5465	-0.027493	-0.95875	-0.88966	4.3877	0.031545	-1.4682	-0.62878	-0.42643	0.89345	-2.2114	1.4907	2.7523	-1.7546	3.1633	-5.586	2.2174	2.4684	2.1663	-0.62613	3.1917	-4.2236
-3.4512	-1.1591	-0.81672	6.66	0.87628	-0.89349	-1.2622	5.8947	0.927	-1.1744	-2.1264	-1.7304	0.44351	-2.2235	3.2693	4.5133	-1.1099	4.6585	-7.1131	3.5609	3.4615	3.4654	0.022018	4.0868	-5.772
-4.5848	-0.5769	-0.37867	7.8186	1.611	-0.77131	-1.2656	7.2233	2.0444	-0.9029	-3.0791	-3.0887	0.10124	-2.1428	4.7578	5.8244	-0.42173	5.8311	-8.183	4.8296	4.3207	4.6301	0.72159	4.8093	-7.3239
-5.6826	-0.42027	-0.022259	8.7474	2.4853	-0.72996	-1.3591	8.663	3.0147	-0.73878	-4.3758	-4.5929	0.064193	-1.7872	6.3954	7.2176	0.16151	6.7009	-9.1814	5.6939	5.0327	5.6444	1.6078	5.5298	-8.829
2.8385	2.5732	2.8686	-1.6289	-1.823	0.018011	0.21664	-2.8521	-2.8806	1.6538	-0.19987	1.1297	0.60649	0.18098	2.8665	-0.60206	1.9257	3.1276	0.78991	-1.568	2.3419	-2.7852	-1.8897	2.6914	-0.30312
2.1722	3.0443	3.2695	-1.0619	-0.97796	-0.2486	-0.48983	-1.7204	-2.2304	1.5878	-1.9708	-0.76822	-0.081302	0.25321	4.1135	0.80965	2.9487	4.1144	-0.65648	-1.1914	3.3677	-1.9999	-0.95968	3.2331	-2.1843
1.0701	4.0009	3.887	-0.27426	-0.26117	-0.5517	-1.194	-0.34039	-1.2541	1.3769	-3.283	-2.1027	-0.8496	0.063047	5.4328	2.6912	3.9396	4.9749	-1.8586	-0.95384	4.47	-1.3119	-0.03337	4.1302	-3.1887
-0.12385	4.6372	4.5734	0.4982	0.4572	-0.56565	-1.3812	0.96592	-0.17437	0.96734	-4.4953	-3.4096	-0.979	-0.35757	6.7215	4.4794	4.8835	5.5892	-2.7576	-0.68619	5.2177	-0.74129	1.179	4.8091	-4.8133
-0.87267	5.3906	5.1876	1.1024	0.71717	-0.4305	-1.2146	2.0338	0.50175	0.53261	-6.4282	-5.0996	-0.61304	-0.67904	7.7234	6.1751	5.7535	6.204	-3.94	-0.2824	6.2145	0.18688	2.0319	5.6951	-6.4169
-1.5465	6.11	5.7115	1.7077	0.78596	-0.43564	-1.1418	3.0114	1.141	0.27717	-7.6613	-6.2854	-0.46259	-0.80254	8.8881	7.5439	6.5919	6.9119	-5.7533	0.26803	7.0859	0.92669	3.0075	6.6131	-7.5134
1.7748	-1.4923	3.0694	0.63094	-0.50253	2.7316	-0.84038	0.5388	-2.0173	0.62122	0.36524	0.51513	-0.94768	-1.9254	0.29891	1.8737	-0.82399	-0.13011	2.4477	2.061	2.3255	2.8099	-1.3786	-2.8373	-2.1416
0.52426	-1.0358	3.6391	1.5115	0.16084	2.9606	-1.1313	1.785	-0.81113	1.0487	-1.3148	-0.89795	-0.74045	-1.9998	1.7248	3.6278	-0.44355	0.74545	0.97608	2.8524	3.507	4.1137	-0.27038	-2.3729	-3.856
-0.40305	-0.29758	4.0595	2.2245	0.92096	2.8918	-1.5124	2.6269	0.1067	1.6121	-3.0058	-2.207	-1.0881	-1.8163	2.9213	5.2188	-0.021885	1.6347	-0.33541	3.9203	4.6904	5.0994	0.76834	-1.7433	-5.1596
-1.0918	-0.050892	4.1911	3.117	1.3157	2.8724	-1.6796	3.9465	0.69898	2.2839	-4.3959	-3.6611	-1.7475	-1.7326	4.323	6.5611	0.39744	2.777	-1.8614	4.8579	5.4995	5.8095	2.1728	-1.2084	-6.7828
-2.011	-0.041462	4.0876	4.1049	1.96	3.2907	-1.6423	5.1232	1.2503	3.0192	-6.2513	-4.9681	-2.0557	-1.8729	5.5262	8.0493	0.74288	4.1057	-3.189	5.5456	6.5781	6.8505	3.4134	-0.3443	-8.319
-2.9597	0.35973	4.0319	4.7656	3.1127	3.7597	-1.6112	6.3458	2.0844	3.625	-7.9535	-6.4537	-2.1031	-2.1395	6.6398	9.656	1.1803	5.1964	-3.8537	6.1296	7.4418	7.7529	4.7055	0.57018	-9.579
-2.3655	1.1928	-3.0414	1.8971	-1.5795	2.5747	-1.4599	2.8415	-0.9296	1.8418	-2.5482	1.0528	-1.447	1.9213	2.4225	-2.9969	1.0481	1.3693	-0.43188	-1.991	1.6609	-2.1369	-0.65403	2.3881	2.4888
-3.138	1.878	-3.0031	3.2231	-1.1182	2.612	-1.968	4.259	0.24618	2.3414	-4.0838	-0.76766	-1.9056	2.0991	3.6894	-1.4447	1.6161	2.7396	-2.0335	-1.5282	2.4214	-1.1467	0.73796	2.9923	1.407
-4.1873	2.6425	-3.3717	4.1326	-0.31533	2.7548	-2.0917	5.3543	1.6805	2.7157	-5.5458	-2.486	-2.0047	2.2707	4.7422	0.1013	2.2191	3.8592	-3.4598	-1.4598	3.446	-0.39422	2.3292	3.7458	-0.31478
-4.9969	3.3456	-3.3369	4.9646	0.36183	3.2606	-2.1249	7.0981	2.6693	2.9696	-7.3506	-4.0667	-1.8722	2.3542	6.041	1.7006	2.8684	4.6264	-4.3803	-1.3829	4.0997	0.75182	3.6031	4.1167	-1.8412
-6.0015	3.7972	-2.9501	6.0454	1.1841	3.6689	-2.5321	8.7358	3.3185	3.1912	-9.0853	-5.6615	-1.9173	2.45	7.3873	3.2598	3.4736	5.1633	-5.4178	-1.2013	4.7049	2.1774	4.5465	4.5361	-3.3233
-7.21	4.2441	-2.4931	7.1092	2.0012	3.8154	-2.8086	10.247	4.0195	3.3221	-10.351	-7.2322	-2.4975	2.7535	8.7076	4.567	4.1184	5.6263	-6.8912	-0.90598	5.4051	3.6063	5.2449	5.1719	-4.7594
-0.052736	-0.9439	-1	1.7612	2.5877	2.5515	-0.76722	1.5918	-0.34299	1.2212	1.548	-2.1911	1.0481	-2.2461	1.0871	1.0351	-3.003	-1.2295	-2.3634	0.55268	0.71291	1.8263	1.3291	2.7728	-0.11295
-0.9147	-0.44955	-0.79783	2.6431	3.5075	2.6086	-0.96374	2.6877	0.54943	1.5527	-0.3046	-4.0256	1.1467	-2.2289	2.2257	2.6718	-2.4965	-0.11956	-3.8683	0.71277	1.877	2.9725	2.3912	3.1249	-1.632
-2.1266	0.30173	-0.7679	3.8362	4.2651	2.8662	-1.5897	3.6716	1.7632	2.012	-1.8867	-5.1661	1.1085	-2.3223	3.6222	4.4142	-2.1292	0.60863	-5.2421	1.1003	2.7283	3.7937	3.6292	3.4302	-3.3661
-2.9373	1.1115	-1.1011	4.733	4.5548	3.0547	-2.1654	4.6575	3.424	2.5977	-3.4677	-6.9602	0.70836	-2.7107	4.7945	5.8753	-1.8835	1.3566	-6.1847	1.8036	3.6816	4.8268	4.6092	4.0823	-4.1917
-3.533	1.4903	-1.3348	5.3796	4.8907	3.1301	-2.4537	5.6751	4.4917	3.1694	-4.986	-8.266	0.040325	-3.1834	5.9399	7.2255	-1.4192	2.3566	-7.0649	2.6634	4.7436	5.4622	5.5049	4.759	-6.0053
-4.403	1.9037	-1.1718	6.0903	5.368	3.3979	-2.3955	6.7536	5.4735	3.5506	-6.8571	-9.239	-0.35001	-3.5893	7.3218	8.487	-0.7534	3.4201	-8.2185	3.465	5.4233	5.9095	6.403	5.1729	-7.5342
0.2793	-0.1911	1.1785	-2.0891	-1.3174	0.41452	-0.62418	-2.4414	2.1921	-0.14094	-0.73189	-1.7729	0.47315	-0.18526	0.035745	0.047135	-1.1086	-2.4355	-1.1655	-2.7263	-2.2696	-1.5448	-2.2231	2.4149	-2.4232
-1.0486	0.15894	1.1912	-0.97679	-0.70677	0.040234	-1.3275	-0.90959	2.91	0.028468	-2.3872	-2.8621	-0.19148	-0.25312	0.8907	1.3596	-0.72503	-0.92262	-2.0142	-1.4975	-1.7454	-0.84187	-0.99766	3.2555	-3.502
-1.5927	0.68963	0.97884	-0.038346	-0.060177	-0.065362	-1.2753	0.18554	4.1374	0.13202	-4.0438	-4.2194	-0.30427	-0.43837	1.7696	2.9476	-0.3333	0.42192	-2.9688	-0.5433	-1.2855	0.057373	0.20732	3.9479	-5.1726
-2.0471	1.1078	0.73792	0.7137	0.37697	0.045259	-0.86588	1.342	5.3227	0.26133	-6.0298	-5.8335	-0.080672	-0.52031	2.9153	4.3246	0.12259	1.4376	-4.6884	0.28272	-0.40174	0.96604	1.2599	4.8666	-6.6724
-3.1052	1.1666	0.71029	1.4359	0.71841	0.091864	-0.68866	2.3794	6.1778	0.4032	-7.215	-6.8159	-0.34712	-0.5505	4.0021	6.3467	0.67176	2.1411	-6.2353	0.99847	0.34243	1.3443	1.8802	5.9378	-7.7805
-4.4547	1.3506	0.88891	2.0768	1.4332	0.1087	-0.86356	3.5172	7.0401	0.55294	-8.6121	-8.2198	-0.86312	-0.41217	4.9637	7.8819	1.2122	2.7667	-7.4968	1.6093	0.95112	1.787	2.6849	6.6767	-9.5834
